    unsorted:	 96.38285597 96.38285597 96.38285597 96.38285597 96.38285597 96.38285597 96.38285597 96.38285597 96.38285597 96.38285597 93.60390354 93.57906514 93.69748423 93.81715521 94.04377343 94.26453400 94.51821056 94.63684580 94.85672954 95.83224864 97.46924417 99.71776595 102.0003972 102.7786463 105.4592821 107.6983725 108.3430994 110.2814484 110.1120773 87.22857099 119.1537694 148.1523001 158.8769619 214.8426436 308.1329829 395.5791097 406.6660210 481.7802330 610.8349907 644.1885077 678.0579410 711.9641120 725.9770900 829.6345038 910.4745390 979.3317634 989.4129639 1052.168705 1148.045648 1110.817978 1242.747271 1264.163805 1322.857638 1507.813506 1510.493231 1477.643306 1455.043966 1401.587511 1539.099808 1690.199508 1718.635986 1813.144299 1830.063220 1915.000842 2030.968230 2120.036986 2225.350627 2450.847530 2428.416751 2373.153634 2499.341205 2810.462247 2909.737259 2953.444611 2987.632509 3050.571844 3080.085964 3258.156611 3515.841570 3612.556843 3861.980780 4207.030098 4278.294255 4301.658592 4539.653210 4488.254680 4815.636052 5016.363074 5284.627421 5425.208344 5643.311195 6284.381999 6442.125883 6473.175040 6674.832911 7385.302752 7842.158397 8188.715041 8468.729725 8981.160565 9726.087287 10140.65246 10842.74464 11415.25807 11791.51269 12201.90102 12501.00925 13140.84001 14615.97472 15948.02930 16136.91241 16391.94462 17355.96479 18135.92488 18457.70195 19290.76651 21974.27316 22687.12210 23193.81003 23274.09622 23962.57351 24083.69922 25129.99646 26922.34470 28764.72452 29535.22380 30062.45847 33258.59074 33973.38332 34802.53405 35416.06397 37017.37095 38901.99187 42871.06131 43574.78890 45190.24736 48945.03576 57543.81359 76914.86006 283432.1684 11096702.03 1193664585.
      sorted:	 87.22857099 93.57906514 93.60390354 93.69748423 93.81715521 94.04377343 94.26453400 94.51821056 94.63684580 94.85672954 95.83224864 96.38285597 96.38285597 96.38285597 96.38285597 96.38285597 96.38285597 96.38285597 96.38285597 96.38285597 96.38285597 97.46924417 99.71776595 102.0003972 102.7786463 105.4592821 107.6983725 108.3430994 110.1120773 110.2814484 119.1537694 148.1523001 158.8769619 214.8426436 308.1329829 395.5791097 406.6660210 481.7802330 610.8349907 644.1885077 678.0579410 711.9641120 725.9770900 829.6345038 910.4745390 979.3317634 989.4129639 1052.168705 1110.817978 1148.045648 1242.747271 1264.163805 1322.857638 1401.587511 1455.043966 1477.643306 1507.813506 1510.493231 1539.099808 1690.199508 1718.635986 1813.144299 1830.063220 1915.000842 2030.968230 2120.036986 2225.350627 2373.153634 2428.416751 2450.847530 2499.341205 2810.462247 2909.737259 2953.444611 2987.632509 3050.571844 3080.085964 3258.156611 3515.841570 3612.556843 3861.980780 4207.030098 4278.294255 4301.658592 4488.254680 4539.653210 4815.636052 5016.363074 5284.627421 5425.208344 5643.311195 6284.381999 6442.125883 6473.175040 6674.832911 7385.302752 7842.158397 8188.715041 8468.729725 8981.160565 9726.087287 10140.65246 10842.74464 11415.25807 11791.51269 12201.90102 12501.00925 13140.84001 14615.97472 15948.02930 16136.91241 16391.94462 17355.96479 18135.92488 18457.70195 19290.76651 21974.27316 22687.12210 23193.81003 23274.09622 23962.57351 24083.69922 25129.99646 26922.34470 28764.72452 29535.22380 30062.45847 33258.59074 33973.38332 34802.53405 35416.06397 37017.37095 38901.99187 42871.06131 43574.78890 45190.24736 48945.03576 57543.81359 76914.86006 283432.1684 11096702.03 1193664585.
