    unsorted:	 96.38285597 96.38285597 96.38285597 96.38285597 96.38285597 96.38285597 96.38285597 96.38285597 96.38285597 96.38285597 85.44670445 87.11798501 83.54380291 88.55623669 81.46225471 79.20399977 76.50813972 73.13405558 69.04032181 64.29658477 99.84195533 59.19270032 53.93563952 47.74136773 111.9201277 40.53890710 119.6520190 33.59959322 27.19507149 21.08233561 137.0061470 146.3956199 152.1460172 226.4896477 277.1280868 483.2980653 490.1393613 462.0046057 442.6533809 520.2355582 648.1997161 804.4637187 821.3305558 842.0834097 886.4458145 979.0788995 1016.512983 1071.608065 1150.308195 1141.060996 1117.880522 1180.003712 1212.641080 1236.488689 1251.085776 1272.106661 1311.106372 1341.712704 1437.485289 1719.361627 1727.514949 1671.390630 1765.248800 1804.146943 1820.111488 1848.302060 1952.944694 2344.154998 2331.250584 2374.826625 2386.692545 2260.785719 2596.363233 2660.285438 3113.137752 3152.005583 3183.355434 3225.483442 3362.101220 3493.307742 3573.513386 3648.398222 4096.227084 4108.598747 4203.291170 4230.441398 4510.416005 4688.983774 4832.189913 5008.818809 5888.730199 5875.141366 5828.534037 6361.469369 7613.174272 7648.671735 7806.388281 7932.084030 8826.066379 9518.445090 9555.531313 9834.486219 10183.73438 10781.12489 10949.34924 11155.29201 12498.51827 12451.29680 13349.12285 13497.28205 14278.73744 14917.79614 15923.82435 17207.32501 17937.62959 19333.87311 20591.67464 20743.85616 21512.38216 23676.25369 23750.40839 24113.82628 25808.40507 26061.82612 27112.88660 28117.96686 28219.62283 28492.33292 31852.06531 32350.12043 34769.70861 35951.04350 38547.64302 40317.49322 42464.19767 46663.75818 51924.81308 53941.14019 70564.64751 122901.4084 9950785.849 650520436.9
      sorted:	 21.08233561 27.19507149 33.59959322 40.53890710 47.74136773 53.93563952 59.19270032 64.29658477 69.04032181 73.13405558 76.50813972 79.20399977 81.46225471 83.54380291 85.44670445 87.11798501 88.55623669 96.38285597 96.38285597 96.38285597 96.38285597 96.38285597 96.38285597 96.38285597 96.38285597 96.38285597 96.38285597 99.84195533 111.9201277 119.6520190 137.0061470 146.3956199 152.1460172 226.4896477 277.1280868 442.6533809 462.0046057 483.2980653 490.1393613 520.2355582 648.1997161 804.4637187 821.3305558 842.0834097 886.4458145 979.0788995 1016.512983 1071.608065 1117.880522 1141.060996 1150.308195 1180.003712 1212.641080 1236.488689 1251.085776 1272.106661 1311.106372 1341.712704 1437.485289 1671.390630 1719.361627 1727.514949 1765.248800 1804.146943 1820.111488 1848.302060 1952.944694 2260.785719 2331.250584 2344.154998 2374.826625 2386.692545 2596.363233 2660.285438 3113.137752 3152.005583 3183.355434 3225.483442 3362.101220 3493.307742 3573.513386 3648.398222 4096.227084 4108.598747 4203.291170 4230.441398 4510.416005 4688.983774 4832.189913 5008.818809 5828.534037 5875.141366 5888.730199 6361.469369 7613.174272 7648.671735 7806.388281 7932.084030 8826.066379 9518.445090 9555.531313 9834.486219 10183.73438 10781.12489 10949.34924 11155.29201 12451.29680 12498.51827 13349.12285 13497.28205 14278.73744 14917.79614 15923.82435 17207.32501 17937.62959 19333.87311 20591.67464 20743.85616 21512.38216 23676.25369 23750.40839 24113.82628 25808.40507 26061.82612 27112.88660 28117.96686 28219.62283 28492.33292 31852.06531 32350.12043 34769.70861 35951.04350 38547.64302 40317.49322 42464.19767 46663.75818 51924.81308 53941.14019 70564.64751 122901.4084 9950785.849 650520436.9
