    unsorted:	 96.38285597 96.38285597 96.38285597 96.38285597 96.38285597 96.38285597 96.38285597 96.38285597 96.38285597 96.38285597 94.33466344 94.25881607 94.27065159 94.18502489 94.41363004 94.49302938 94.11571013 94.04837028 94.06320360 93.98649499 93.92817567 93.87468461 94.57268454 94.65490253 93.82509318 93.77984334 94.73098670 94.81460675 93.74052952 93.71155732 93.69522955 93.68930252 94.88334438 94.96347797 95.02744773 95.07217144 95.16267693 95.23928826 95.26404061 95.33178440 95.39861009 95.50017809 95.60355042 95.68204588 95.72109062 95.73652411 95.76675729 95.83361972 95.95582253 96.07854827 96.12442021 93.41607773 96.26471233 96.39701374 96.56150358 96.78309956 97.48895720 100.3168206 104.2962715 105.5483021 105.1615173 86.37946095 66.82374447 129.9634379 53.06252149 149.0963472 154.0502475 177.2583494 194.4811588 199.9101325 224.7058421 243.1761187 275.7658736 296.5241947 338.8524798 362.3397218 469.6281114 483.9977674 547.7829029 692.7963032 786.2354656 940.2667133 1225.353906 1376.054096 1683.858685 2100.750301 2281.606599 3262.408375 5487.284964 25970.54208 216267.2286 1519479656.
      sorted:	 53.06252149 66.82374447 86.37946095 93.41607773 93.68930252 93.69522955 93.71155732 93.74052952 93.77984334 93.82509318 93.87468461 93.92817567 93.98649499 94.04837028 94.06320360 94.11571013 94.18502489 94.25881607 94.27065159 94.33466344 94.41363004 94.49302938 94.57268454 94.65490253 94.73098670 94.81460675 94.88334438 94.96347797 95.02744773 95.07217144 95.16267693 95.23928826 95.26404061 95.33178440 95.39861009 95.50017809 95.60355042 95.68204588 95.72109062 95.73652411 95.76675729 95.83361972 95.95582253 96.07854827 96.12442021 96.26471233 96.38285597 96.38285597 96.38285597 96.38285597 96.38285597 96.38285597 96.38285597 96.38285597 96.38285597 96.38285597 96.39701374 96.56150358 96.78309956 97.48895720 100.3168206 104.2962715 105.1615173 105.5483021 129.9634379 149.0963472 154.0502475 177.2583494 194.4811588 199.9101325 224.7058421 243.1761187 275.7658736 296.5241947 338.8524798 362.3397218 469.6281114 483.9977674 547.7829029 692.7963032 786.2354656 940.2667133 1225.353906 1376.054096 1683.858685 2100.750301 2281.606599 3262.408375 5487.284964 25970.54208 216267.2286 1519479656.
