    unsorted:	 96.38285597 96.38285597 96.38285597 96.38285597 96.38285597 96.38285597 96.38285597 96.38285597 96.38285597 96.38285597 96.16286991 96.15588779 96.14856959 96.16887317 96.17512809 96.14129003 96.18213845 96.13341130 96.18952811 96.12578198 96.11794877 96.19665083 96.20326487 96.20959417 96.11019772 96.10257285 96.09515337 96.08816676 96.08894780 96.08169313 96.07583305 96.07070557 96.06640343 96.06337995 96.06168315 96.06115633 96.22230559 96.22854351 96.23281411 96.23473005 96.23587886 96.23962595 96.25089274 96.27037571 96.29480799 96.31300978 96.32805031 96.34866344 96.38982411 95.91062181 96.48307383 95.76802472 96.62810066 96.64821699 95.65581911 94.75524281 94.18669292 98.64760031 99.98218788 101.9197742 103.0500913 103.9409472 88.35288025 110.4494836 122.8283585 71.68859500 146.5728026 168.6789158 174.4829286 185.5351632 222.2507407 218.8131515 262.4303652 316.1817772 397.5073697 537.6829696 677.1644497 769.9079312 1637.859360 33155.82321 50694.22869 2849557.423
      sorted:	 71.68859500 88.35288025 94.18669292 94.75524281 95.65581911 95.76802472 95.91062181 96.06115633 96.06168315 96.06337995 96.06640343 96.07070557 96.07583305 96.08169313 96.08816676 96.08894780 96.09515337 96.10257285 96.11019772 96.11794877 96.12578198 96.13341130 96.14129003 96.14856959 96.15588779 96.16286991 96.16887317 96.17512809 96.18213845 96.18952811 96.19665083 96.20326487 96.20959417 96.22230559 96.22854351 96.23281411 96.23473005 96.23587886 96.23962595 96.25089274 96.27037571 96.29480799 96.31300978 96.32805031 96.34866344 96.38285597 96.38285597 96.38285597 96.38285597 96.38285597 96.38285597 96.38285597 96.38285597 96.38285597 96.38285597 96.38982411 96.48307383 96.62810066 96.64821699 98.64760031 99.98218788 101.9197742 103.0500913 103.9409472 110.4494836 122.8283585 146.5728026 168.6789158 174.4829286 185.5351632 218.8131515 222.2507407 262.4303652 316.1817772 397.5073697 537.6829696 677.1644497 769.9079312 1637.859360 33155.82321 50694.22869 2849557.423
