    unsorted:	 96.38285597 96.38285597 96.38285597 96.38285597 96.38285597 96.38285597 96.38285597 96.38285597 96.38285597 96.38285597 96.63818035 96.63602164 96.64085764 96.64273668 96.64632343 96.63280891 96.64919179 96.62951913 96.65284627 96.65722640 96.62682292 96.62444373 96.66016960 96.62060014 96.61948839 96.61687855 96.61455987 96.66411190 96.66899298 96.67205436 96.61193345 96.67779842 96.68162398 96.68752425 96.68669158 96.69185929 96.69625249 96.70185723 96.70536245 96.71143555 96.71409491 96.72024623 96.72259253 96.60211419 96.72820488 96.73092728 96.73546030 96.73880755 96.74195782 96.74604880 96.74788986 96.75194078 96.75364860 96.75445212 96.75737820 96.76113461 96.75917475 96.76212154 96.76299054 96.76315934 96.76713163 96.59192208 96.58287020 96.57470089 96.56555583 96.55573168 96.54594608 96.53653623 96.52771902 96.51963422 96.51210672 96.50468177 96.49721566 96.48982933 96.48238572 96.83066354 96.43913128 96.95557679 96.18400043 97.18886920 97.51477909 97.90411793 95.48522205 98.17859826 98.33274977 98.70957014 93.43539346 100.2647655 87.02102455 117.3314707 76.28636984 130.3299964 132.9995300 136.8786447 61.38060595 151.8442428 148.5379300 160.3462310 166.6251372 44.11551808 230.6929338 279.3184795 455.2331477 775.0736511 9648.363702 20182.29916 41842.69430
      sorted:	 44.11551808 61.38060595 76.28636984 87.02102455 93.43539346 95.48522205 96.18400043 96.38285597 96.38285597 96.38285597 96.38285597 96.38285597 96.38285597 96.38285597 96.38285597 96.38285597 96.38285597 96.43913128 96.48238572 96.48982933 96.49721566 96.50468177 96.51210672 96.51963422 96.52771902 96.53653623 96.54594608 96.55573168 96.56555583 96.57470089 96.58287020 96.59192208 96.60211419 96.61193345 96.61455987 96.61687855 96.61948839 96.62060014 96.62444373 96.62682292 96.62951913 96.63280891 96.63602164 96.63818035 96.64085764 96.64273668 96.64632343 96.64919179 96.65284627 96.65722640 96.66016960 96.66411190 96.66899298 96.67205436 96.67779842 96.68162398 96.68669158 96.68752425 96.69185929 96.69625249 96.70185723 96.70536245 96.71143555 96.71409491 96.72024623 96.72259253 96.72820488 96.73092728 96.73546030 96.73880755 96.74195782 96.74604880 96.74788986 96.75194078 96.75364860 96.75445212 96.75737820 96.75917475 96.76113461 96.76212154 96.76299054 96.76315934 96.76713163 96.83066354 96.95557679 97.18886920 97.51477909 97.90411793 98.17859826 98.33274977 98.70957014 100.2647655 117.3314707 130.3299964 132.9995300 136.8786447 148.5379300 151.8442428 160.3462310 166.6251372 230.6929338 279.3184795 455.2331477 775.0736511 9648.363702 20182.29916 41842.69430
