    unsorted:	 104.9198926 104.8403115 104.3288735 105.4367461 105.8006660 103.8581796 103.4049477 102.9716587 106.3351054 102.5601506 102.1725982 101.8160192 101.5390688 101.3587406 101.0819718 100.7865611 100.5060457 106.9748593 107.4711727 107.8145397 100.2447667 100.0017617 99.77111844 108.4725358 109.1653580 109.7177072 110.1183328 99.51408074 110.7351100 111.3134858 111.6656677 112.1769858 112.5390107 112.6487768 112.8880657 113.1786446 113.4577343 113.3771620 113.9515002 114.3672606 96.38285597 96.80040447 117.6501857 90.45496150 124.8465659 88.83805919 128.8231638 132.4449881 137.0320741 83.04043817 143.2527384 147.4554480 151.5679450 153.2529231 154.6619397 156.7922347 160.4978944 159.3192609 162.1396131 163.1841229 164.3484024 166.9070149 171.3032992 74.86201111 174.4486994 177.8659500 179.4359626 180.8701352 187.5447570 186.3706747 191.9529142 63.38837303 197.3469604 199.9874155 208.0149304 214.4742655 49.72788125 218.2118439 222.6423360 228.5878159 32.89983317 244.2757854 258.5148565 260.4876080 267.8553823 270.5825211 10.36771781 291.9735397 302.3539490 301.8501350 353.8999329 374.5963337 379.0560404 425.9212822 434.8333073 451.1245785 459.7250838 492.2900160 516.2047634 535.6537829 571.1564233 605.2387898 656.5753210 774.2987330 795.2122333 937.4694389 1090.287812 1133.024894 1233.864734 1337.620939 1356.553074 1423.133176 1640.012034 1765.140827 1994.564439 2612.842234 2678.853263 2818.451833 3299.576549 3839.125511 4135.527256 4279.009726 4739.201904 5342.917621 5611.443485 5979.586511 6721.857493 8442.358937 10393.38774 12672.20813 14302.44198 1068885.760 36475705.65
      sorted:	 10.36771781 32.89983317 49.72788125 63.38837303 74.86201111 83.04043817 88.83805919 90.45496150 96.38285597 96.80040447 99.51408074 99.77111844 100.0017617 100.2447667 100.5060457 100.7865611 101.0819718 101.3587406 101.5390688 101.8160192 102.1725982 102.5601506 102.9716587 103.4049477 103.8581796 104.3288735 104.8403115 104.9198926 105.4367461 105.8006660 106.3351054 106.9748593 107.4711727 107.8145397 108.4725358 109.1653580 109.7177072 110.1183328 110.7351100 111.3134858 111.6656677 112.1769858 112.5390107 112.6487768 112.8880657 113.1786446 113.3771620 113.4577343 113.9515002 114.3672606 117.6501857 124.8465659 128.8231638 132.4449881 137.0320741 143.2527384 147.4554480 151.5679450 153.2529231 154.6619397 156.7922347 159.3192609 160.4978944 162.1396131 163.1841229 164.3484024 166.9070149 171.3032992 174.4486994 177.8659500 179.4359626 180.8701352 186.3706747 187.5447570 191.9529142 197.3469604 199.9874155 208.0149304 214.4742655 218.2118439 222.6423360 228.5878159 244.2757854 258.5148565 260.4876080 267.8553823 270.5825211 291.9735397 301.8501350 302.3539490 353.8999329 374.5963337 379.0560404 425.9212822 434.8333073 451.1245785 459.7250838 492.2900160 516.2047634 535.6537829 571.1564233 605.2387898 656.5753210 774.2987330 795.2122333 937.4694389 1090.287812 1133.024894 1233.864734 1337.620939 1356.553074 1423.133176 1640.012034 1765.140827 1994.564439 2612.842234 2678.853263 2818.451833 3299.576549 3839.125511 4135.527256 4279.009726 4739.201904 5342.917621 5611.443485 5979.586511 6721.857493 8442.358937 10393.38774 12672.20813 14302.44198 1068885.760 36475705.65
