    unsorted:	 96.38285597 96.38285597 96.38285597 96.38285597 96.38285597 96.38285597 96.38285597 96.38285597 96.38285597 96.38285597 113.4399154 113.3257007 113.4797669 113.2037370 113.8008262 112.8269784 112.6401033 111.9433118 111.7293482 110.8951780 110.5603361 110.0087586 109.7807764 109.1416740 108.8345925 108.3015801 114.6245332 107.5183499 106.8503905 106.5204529 105.9422511 105.2744443 115.5133518 104.6367632 104.0539760 103.6115045 103.2882733 102.8263770 102.3416622 101.8796956 101.4470478 101.0442206 100.6705563 100.3248004 100.0058465 99.71259711 116.3867836 99.13844343 117.2272476 118.0189940 120.3318805 123.2582368 93.44721328 128.6211384 129.4011827 133.1325367 86.54734273 140.4637965 143.4846851 146.6227264 147.6071140 148.1139519 152.2501976 152.2776445 153.2514983 155.8878860 80.49502810 160.2443019 163.7211629 164.4088035 169.9694251 175.1886971 175.6782008 176.9663019 177.6437918 72.91865646 185.2396717 192.0680413 64.68506824 196.3201265 196.7865091 200.5175774 210.0112151 212.8273473 223.3245970 228.8725340 231.0271619 235.7849746 42.82306101 242.4187066 245.6782565 248.0792182 250.4094716 274.9502072 290.7546015 299.3653112 314.1191705 318.0421783 364.8077564 373.6392510 401.7781708 396.3213454 416.1946085 444.3286957 509.3180426 568.7907776 578.1707633 583.2788592 631.3976418 736.3050929 740.6315209 940.1820138 948.7122551 1050.765168 1092.973746 1258.695739 1361.854169 1423.508579 1529.450204 1692.609698 1718.425425 2005.320022 2298.985909 2366.195173 2742.133525 3100.738733 3147.165682 3447.396656 3467.129217 3514.117646 4354.269456 4489.302296 4702.342042 5094.413363 5883.209143 7975.893314 9763.409941 11612.04213 12683.45007 27431.78824 1222977.048 77480562.61
      sorted:	 42.82306101 64.68506824 72.91865646 80.49502810 86.54734273 93.44721328 96.38285597 96.38285597 96.38285597 96.38285597 96.38285597 96.38285597 96.38285597 96.38285597 96.38285597 96.38285597 99.13844343 99.71259711 100.0058465 100.3248004 100.6705563 101.0442206 101.4470478 101.8796956 102.3416622 102.8263770 103.2882733 103.6115045 104.0539760 104.6367632 105.2744443 105.9422511 106.5204529 106.8503905 107.5183499 108.3015801 108.8345925 109.1416740 109.7807764 110.0087586 110.5603361 110.8951780 111.7293482 111.9433118 112.6401033 112.8269784 113.2037370 113.3257007 113.4399154 113.4797669 113.8008262 114.6245332 115.5133518 116.3867836 117.2272476 118.0189940 120.3318805 123.2582368 128.6211384 129.4011827 133.1325367 140.4637965 143.4846851 146.6227264 147.6071140 148.1139519 152.2501976 152.2776445 153.2514983 155.8878860 160.2443019 163.7211629 164.4088035 169.9694251 175.1886971 175.6782008 176.9663019 177.6437918 185.2396717 192.0680413 196.3201265 196.7865091 200.5175774 210.0112151 212.8273473 223.3245970 228.8725340 231.0271619 235.7849746 242.4187066 245.6782565 248.0792182 250.4094716 274.9502072 290.7546015 299.3653112 314.1191705 318.0421783 364.8077564 373.6392510 396.3213454 401.7781708 416.1946085 444.3286957 509.3180426 568.7907776 578.1707633 583.2788592 631.3976418 736.3050929 740.6315209 940.1820138 948.7122551 1050.765168 1092.973746 1258.695739 1361.854169 1423.508579 1529.450204 1692.609698 1718.425425 2005.320022 2298.985909 2366.195173 2742.133525 3100.738733 3147.165682 3447.396656 3467.129217 3514.117646 4354.269456 4489.302296 4702.342042 5094.413363 5883.209143 7975.893314 9763.409941 11612.04213 12683.45007 27431.78824 1222977.048 77480562.61
