    unsorted:	 96.38285597 96.38285597 96.38285597 96.38285597 96.38285597 96.38285597 96.38285597 96.38285597 96.38285597 96.38285597 94.20417132 94.31483492 94.07722585 94.43654525 94.54459528 94.57202251 94.66047485 94.76654752 94.86911285 94.97826370 95.06750496 93.96408776 95.17318958 95.25412701 95.34370252 93.83112469 95.43750627 93.71479041 95.57266410 95.69341702 95.68066027 95.78481755 95.85156635 95.89370572 95.91610990 95.94695212 93.57647394 96.04732261 93.45877672 93.32061832 93.19810687 93.07992538 92.95632427 92.82779076 92.69767235 96.31286462 92.57255725 92.44877553 92.32904591 92.21466148 92.10800183 92.00840793 91.91980231 91.83818177 91.76228646 91.69187252 91.66742798 96.61546385 91.52589022 97.66152081 99.51613755 86.16646373 83.89553894 80.66368842 111.0650950 129.5379987 173.2551185 226.0639682 244.4032064 252.9960256 287.1079057 363.9218546 455.1340934 526.5453267 641.3994154 733.0641224 775.9498284 867.7682865 1016.027287 989.7855727 1413.224621 1547.988747 1614.078841 1821.793178 2139.333879 2555.606258 4032.168029 4444.164394 5284.201589 25531.68967 129325.2989 67341841.30
      sorted:	 80.66368842 83.89553894 86.16646373 91.52589022 91.66742798 91.69187252 91.76228646 91.83818177 91.91980231 92.00840793 92.10800183 92.21466148 92.32904591 92.44877553 92.57255725 92.69767235 92.82779076 92.95632427 93.07992538 93.19810687 93.32061832 93.45877672 93.57647394 93.71479041 93.83112469 93.96408776 94.07722585 94.20417132 94.31483492 94.43654525 94.54459528 94.57202251 94.66047485 94.76654752 94.86911285 94.97826370 95.06750496 95.17318958 95.25412701 95.34370252 95.43750627 95.57266410 95.68066027 95.69341702 95.78481755 95.85156635 95.89370572 95.91610990 95.94695212 96.04732261 96.31286462 96.38285597 96.38285597 96.38285597 96.38285597 96.38285597 96.38285597 96.38285597 96.38285597 96.38285597 96.38285597 96.61546385 97.66152081 99.51613755 111.0650950 129.5379987 173.2551185 226.0639682 244.4032064 252.9960256 287.1079057 363.9218546 455.1340934 526.5453267 641.3994154 733.0641224 775.9498284 867.7682865 989.7855727 1016.027287 1413.224621 1547.988747 1614.078841 1821.793178 2139.333879 2555.606258 4032.168029 4444.164394 5284.201589 25531.68967 129325.2989 67341841.30
