    unsorted:	 96.38285597 96.38285597 96.38285597 96.38285597 96.38285597 96.38285597 96.38285597 96.38285597 96.38285597 96.38285597 93.91681084 93.85064095 93.77781645 93.99025648 93.69148807 93.61040822 94.06526040 94.13401576 93.53699570 93.45102982 94.20602969 93.35331916 93.25850440 93.23223159 93.14902234 94.28905470 94.37262202 94.45349026 93.02707617 92.90269603 94.56133728 94.65172523 92.75935822 94.76721671 92.60862383 92.46953487 92.35955111 94.94679638 92.18958459 91.99835126 95.17456202 91.81666416 91.62241999 95.40486961 95.50448323 91.43294241 91.23606187 91.03897415 90.84354310 95.85152247 90.65046457 90.46894206 90.29633461 96.17830066 90.13724485 89.99858002 89.88618114 89.80529662 89.78507090 97.24702007 98.94673223 83.78158338 106.1824711 113.8623179 150.5398618 168.1202699 185.2876569 204.6944177 228.8950958 242.4565754 272.5220163 291.9019222 325.5697613 410.2391389 478.9925371 500.5446625 561.8403151 617.0635243 774.4257700 921.3403539 995.3952319 1150.298335 1305.532375 1641.723179 1884.913452 2384.197537 2530.935968 4212.306088 5983.708688 25512.47659 114361.9067 19998107.76
      sorted:	 83.78158338 89.78507090 89.80529662 89.88618114 89.99858002 90.13724485 90.29633461 90.46894206 90.65046457 90.84354310 91.03897415 91.23606187 91.43294241 91.62241999 91.81666416 91.99835126 92.18958459 92.35955111 92.46953487 92.60862383 92.75935822 92.90269603 93.02707617 93.14902234 93.23223159 93.25850440 93.35331916 93.45102982 93.53699570 93.61040822 93.69148807 93.77781645 93.85064095 93.91681084 93.99025648 94.06526040 94.13401576 94.20602969 94.28905470 94.37262202 94.45349026 94.56133728 94.65172523 94.76721671 94.94679638 95.17456202 95.40486961 95.50448323 95.85152247 96.17830066 96.38285597 96.38285597 96.38285597 96.38285597 96.38285597 96.38285597 96.38285597 96.38285597 96.38285597 96.38285597 97.24702007 98.94673223 106.1824711 113.8623179 150.5398618 168.1202699 185.2876569 204.6944177 228.8950958 242.4565754 272.5220163 291.9019222 325.5697613 410.2391389 478.9925371 500.5446625 561.8403151 617.0635243 774.4257700 921.3403539 995.3952319 1150.298335 1305.532375 1641.723179 1884.913452 2384.197537 2530.935968 4212.306088 5983.708688 25512.47659 114361.9067 19998107.76
