    unsorted:	 96.38285597 96.38285597 96.38285597 96.38285597 96.38285597 96.38285597 96.38285597 96.38285597 96.38285597 96.38285597 93.37115662 93.28499282 93.31447472 93.19707842 93.46513853 93.09044421 93.55542358 93.63856693 92.98727040 92.89649754 93.73199550 92.79148031 93.83385652 93.92923869 92.66828313 92.54893659 94.03150028 94.15966952 92.41500653 94.26379121 92.26306416 92.10664120 94.40981544 91.93160239 91.73986422 94.62531494 91.58119209 91.43378282 91.22045090 94.89155168 90.98325829 90.75846152 95.17713479 95.37574038 90.51666576 90.28232090 95.61702781 90.03682476 89.79250879 89.54897947 89.30878310 96.14769494 89.08272865 88.86690027 88.66825927 88.49439483 88.35342002 88.22591594 88.25188121 97.42075472 99.56483861 81.64292914 108.5662061 114.8987452 152.9704311 187.7243961 319.4562459 379.1389629 501.0139182 556.5139054 691.0400112 763.2111699 802.3166325 1004.197201 1053.051962 1120.468707 1358.629964 1679.350400 1762.624224 1883.448510 2177.765828 2586.562900 2745.864975 3349.015885 3957.982465 4241.811464 5448.924648 6656.381908 7379.582805 25515.07345 227097.0663 41396902.71
      sorted:	 81.64292914 88.22591594 88.25188121 88.35342002 88.49439483 88.66825927 88.86690027 89.08272865 89.30878310 89.54897947 89.79250879 90.03682476 90.28232090 90.51666576 90.75846152 90.98325829 91.22045090 91.43378282 91.58119209 91.73986422 91.93160239 92.10664120 92.26306416 92.41500653 92.54893659 92.66828313 92.79148031 92.89649754 92.98727040 93.09044421 93.19707842 93.28499282 93.31447472 93.37115662 93.46513853 93.55542358 93.63856693 93.73199550 93.83385652 93.92923869 94.03150028 94.15966952 94.26379121 94.40981544 94.62531494 94.89155168 95.17713479 95.37574038 95.61702781 96.14769494 96.38285597 96.38285597 96.38285597 96.38285597 96.38285597 96.38285597 96.38285597 96.38285597 96.38285597 96.38285597 97.42075472 99.56483861 108.5662061 114.8987452 152.9704311 187.7243961 319.4562459 379.1389629 501.0139182 556.5139054 691.0400112 763.2111699 802.3166325 1004.197201 1053.051962 1120.468707 1358.629964 1679.350400 1762.624224 1883.448510 2177.765828 2586.562900 2745.864975 3349.015885 3957.982465 4241.811464 5448.924648 6656.381908 7379.582805 25515.07345 227097.0663 41396902.71
