    unsorted:	 96.38285597 96.38285597 96.38285597 96.38285597 96.38285597 96.38285597 96.38285597 96.38285597 96.38285597 96.38285597 96.60434948 96.61336955 96.59389297 96.62412756 96.58256414 96.63697005 96.57132913 96.65086860 96.66545435 96.56050591 96.68055500 96.55007523 96.69604187 96.71168550 96.72657336 96.73674560 96.74773147 96.76314334 96.77913115 96.78828859 96.79664364 96.81252759 96.54014315 96.53071661 96.82781471 96.83538928 96.52178551 96.51333061 96.84662961 96.50532139 96.49770799 96.49038724 96.87197544 96.88456801 96.89948143 96.91421804 96.92833015 96.94085112 96.95207125 96.96436367 96.97768051 96.99018246 97.00128913 97.01096542 97.02132726 97.03227145 97.04032946 97.04751929 97.05512653 97.05996248 97.06405706 97.06644806 96.47023761 96.40227174 96.34637529 96.27042019 96.17103405 96.13253143 97.49408858 97.60557249 95.71180112 95.30361380 98.46140136 99.33724938 99.75794236 100.8492982 101.5413098 101.9628949 102.3618666 90.46657830 107.6365247 109.5038520 84.18626405 112.7900795 81.44077768 76.95547888 122.2152337 126.1177666 130.1082725 131.3203678 68.37106526 137.1101446 139.8465630 59.91847494 145.8572307 153.1611565 52.35905074 46.84462183 161.9724998 171.3227953 175.7968300 195.4045036 18.25157333 216.9087112 233.8792622 254.4569564 286.1049539 358.8841448 426.5950027 557.5710480 653.4168233 854.3139129 990.3057697 1442.746882 1746.103871 1960.186596 2973.926491 4004.588817 5308.009339 16599.80467 310285.2737 3214902.822
      sorted:	 18.25157333 46.84462183 52.35905074 59.91847494 68.37106526 76.95547888 81.44077768 84.18626405 90.46657830 95.30361380 95.71180112 96.13253143 96.17103405 96.27042019 96.34637529 96.38285597 96.38285597 96.38285597 96.38285597 96.38285597 96.38285597 96.38285597 96.38285597 96.38285597 96.38285597 96.40227174 96.47023761 96.49038724 96.49770799 96.50532139 96.51333061 96.52178551 96.53071661 96.54014315 96.55007523 96.56050591 96.57132913 96.58256414 96.59389297 96.60434948 96.61336955 96.62412756 96.63697005 96.65086860 96.66545435 96.68055500 96.69604187 96.71168550 96.72657336 96.73674560 96.74773147 96.76314334 96.77913115 96.78828859 96.79664364 96.81252759 96.82781471 96.83538928 96.84662961 96.87197544 96.88456801 96.89948143 96.91421804 96.92833015 96.94085112 96.95207125 96.96436367 96.97768051 96.99018246 97.00128913 97.01096542 97.02132726 97.03227145 97.04032946 97.04751929 97.05512653 97.05996248 97.06405706 97.06644806 97.49408858 97.60557249 98.46140136 99.33724938 99.75794236 100.8492982 101.5413098 101.9628949 102.3618666 107.6365247 109.5038520 112.7900795 122.2152337 126.1177666 130.1082725 131.3203678 137.1101446 139.8465630 145.8572307 153.1611565 161.9724998 171.3227953 175.7968300 195.4045036 216.9087112 233.8792622 254.4569564 286.1049539 358.8841448 426.5950027 557.5710480 653.4168233 854.3139129 990.3057697 1442.746882 1746.103871 1960.186596 2973.926491 4004.588817 5308.009339 16599.80467 310285.2737 3214902.822
