    unsorted:	 96.38285597 96.38285597 96.38285597 96.38285597 96.38285597 96.38285597 96.38285597 96.38285597 96.38285597 96.38285597 95.28212354 95.28697506 95.27006881 95.25128542 95.24448709 95.23398268 95.20890815 95.31980965 95.17885770 95.14224674 95.10430685 95.36174089 95.06685729 95.02418333 95.41177829 94.98652334 94.94163720 94.85798546 94.90210685 94.81417695 94.77329966 95.46354373 94.72443820 94.68618256 94.63617079 94.59426173 94.55149030 95.51491137 94.49974724 94.47092726 94.41071366 94.40108967 94.34758622 94.31419034 94.26966439 95.56482418 94.22738666 94.18656343 95.61190078 95.65124613 95.67930586 94.14239611 95.71561767 94.08055970 95.75657572 94.02043360 93.97797487 93.94336652 93.90847069 93.87579800 93.84418123 93.81410242 93.78543592 93.75855002 93.73330378 93.71015598 93.68901264 93.67057372 93.64510638 93.65561707 93.63670937 93.63900251 95.79679208 95.83518215 95.87152249 95.90588750 96.10198125 96.40261892 97.27042568 97.79150151 99.27304457 99.98211149 88.83435829 102.9264792 106.4927479 110.2199273 110.8371427 113.7559109 116.6169909 119.4634737 124.2120724 127.8933542 133.2266319 136.6370890 139.4811279 188.4649445 231.3701130 244.2354210 295.8796454 335.7066169 385.4740689 475.7537949 725.9020547 1029.252394 1307.374452 1637.958626 2746.020119 3485.405199 3962.197221 18668.51634 154478.7101 6022489.184
      sorted:	 88.83435829 93.63670937 93.63900251 93.64510638 93.65561707 93.67057372 93.68901264 93.71015598 93.73330378 93.75855002 93.78543592 93.81410242 93.84418123 93.87579800 93.90847069 93.94336652 93.97797487 94.02043360 94.08055970 94.14239611 94.18656343 94.22738666 94.26966439 94.31419034 94.34758622 94.40108967 94.41071366 94.47092726 94.49974724 94.55149030 94.59426173 94.63617079 94.68618256 94.72443820 94.77329966 94.81417695 94.85798546 94.90210685 94.94163720 94.98652334 95.02418333 95.06685729 95.10430685 95.14224674 95.17885770 95.20890815 95.23398268 95.24448709 95.25128542 95.27006881 95.28212354 95.28697506 95.31980965 95.36174089 95.41177829 95.46354373 95.51491137 95.56482418 95.61190078 95.65124613 95.67930586 95.71561767 95.75657572 95.79679208 95.83518215 95.87152249 95.90588750 96.10198125 96.38285597 96.38285597 96.38285597 96.38285597 96.38285597 96.38285597 96.38285597 96.38285597 96.38285597 96.38285597 96.40261892 97.27042568 97.79150151 99.27304457 99.98211149 102.9264792 106.4927479 110.2199273 110.8371427 113.7559109 116.6169909 119.4634737 124.2120724 127.8933542 133.2266319 136.6370890 139.4811279 188.4649445 231.3701130 244.2354210 295.8796454 335.7066169 385.4740689 475.7537949 725.9020547 1029.252394 1307.374452 1637.958626 2746.020119 3485.405199 3962.197221 18668.51634 154478.7101 6022489.184
