    unsorted:	 96.38285597 96.38285597 96.38285597 96.38285597 96.38285597 96.38285597 96.38285597 96.38285597 96.38285597 96.38285597 95.09631233 95.09160936 95.08719062 95.10440082 95.10872253 95.11446583 95.08257553 95.12207277 95.12749731 95.13031624 95.13240915 95.07028098 95.05760942 95.04454619 95.03121846 95.01803986 94.99265352 95.00510974 94.98058860 94.96935513 94.95873074 94.94921505 94.94059377 94.93316920 94.92675375 94.92152656 94.91756806 94.91518152 94.90990008 94.91000660 95.16339987 95.19641427 95.22901127 95.26049833 95.29061209 95.31648635 95.34043028 95.36994556 95.40273701 94.82282744 95.43664149 95.47122333 95.50656912 95.54274175 95.57957448 95.61674512 95.65390877 95.69073278 95.73081183 95.72528135 95.76320633 95.79785667 95.83150320 95.86396933 95.89516063 95.92502542 95.95354380 95.98071983 96.00657485 96.03114177 96.05446214 96.07659303 96.09764397 96.11794499 96.14777491 96.40209132 97.38470640 97.56018292 99.18218879 101.4415317 90.54403021 104.1303646 104.3759205 107.3727624 109.3512065 108.1980988 110.4060412 111.0556753 112.4117797 113.0864098 113.9575531 114.3308598 119.0235953 79.63477736 133.0429282 171.2306951 182.1239989 206.4333540 209.9620051 231.9312826 260.2619259 320.9419715 406.7226466 513.3966386 855.5604603 1067.201819 1776.206471 2805.185656 4213.084098 18632.61546 99358.24317 420252.6291
      sorted:	 79.63477736 90.54403021 94.82282744 94.90990008 94.91000660 94.91518152 94.91756806 94.92152656 94.92675375 94.93316920 94.94059377 94.94921505 94.95873074 94.96935513 94.98058860 94.99265352 95.00510974 95.01803986 95.03121846 95.04454619 95.05760942 95.07028098 95.08257553 95.08719062 95.09160936 95.09631233 95.10440082 95.10872253 95.11446583 95.12207277 95.12749731 95.13031624 95.13240915 95.16339987 95.19641427 95.22901127 95.26049833 95.29061209 95.31648635 95.34043028 95.36994556 95.40273701 95.43664149 95.47122333 95.50656912 95.54274175 95.57957448 95.61674512 95.65390877 95.69073278 95.72528135 95.73081183 95.76320633 95.79785667 95.83150320 95.86396933 95.89516063 95.92502542 95.95354380 95.98071983 96.00657485 96.03114177 96.05446214 96.07659303 96.09764397 96.11794499 96.14777491 96.38285597 96.38285597 96.38285597 96.38285597 96.38285597 96.38285597 96.38285597 96.38285597 96.38285597 96.38285597 96.40209132 97.38470640 97.56018292 99.18218879 101.4415317 104.1303646 104.3759205 107.3727624 108.1980988 109.3512065 110.4060412 111.0556753 112.4117797 113.0864098 113.9575531 114.3308598 119.0235953 133.0429282 171.2306951 182.1239989 206.4333540 209.9620051 231.9312826 260.2619259 320.9419715 406.7226466 513.3966386 855.5604603 1067.201819 1776.206471 2805.185656 4213.084098 18632.61546 99358.24317 420252.6291
