    unsorted:	 96.38285597 96.38285597 96.38285597 96.38285597 96.38285597 96.38285597 96.38285597 96.38285597 96.38285597 96.38285597 96.45088196 96.45067957 96.45106081 96.45045481 96.45125050 96.45021004 96.44993889 96.45148385 96.44963116 96.45175345 96.44926692 96.45206394 96.44882025 96.44827711 96.45243500 96.44764890 96.44696161 96.45297728 96.44622609 96.44542450 96.44450848 96.44343571 96.45413048 96.44221957 96.44094557 96.44015592 96.43854108 96.43685247 96.43518129 96.43385425 96.43287791 96.45673475 96.43130821 96.42957301 96.42781908 96.42607121 96.42435388 96.42266572 96.42099219 96.41931120 96.41761164 96.41589958 96.41419023 96.41250047 96.41084574 96.40923990 96.40769735 96.40624217 96.40494657 96.40394109 96.40293866 96.40175468 96.46214825 96.40054913 96.39938411 96.39827471 96.39721881 96.47259211 96.49159817 96.52449653 96.35593100 96.57884075 96.66450225 96.14980358 96.79296445 96.97450287 97.19230560 97.31916330 97.44314418 97.59498257 97.99676326 98.46087639 98.89431290 99.10390186 94.36265424 99.46781186 99.72513652 99.84838262 93.96273313 89.14053936 107.6288114 82.61647391 113.2663399 75.88528914 67.79930158 134.3447804 138.3639458 149.5139417 152.2022941 167.2864791 223.0530101 269.0023856 340.7451999 830.9094262 6443.812485 20192.21718 17761.23812
      sorted:	 67.79930158 75.88528914 82.61647391 89.14053936 93.96273313 94.36265424 96.14980358 96.35593100 96.38285597 96.38285597 96.38285597 96.38285597 96.38285597 96.38285597 96.38285597 96.38285597 96.38285597 96.38285597 96.39721881 96.39827471 96.39938411 96.40054913 96.40175468 96.40293866 96.40394109 96.40494657 96.40624217 96.40769735 96.40923990 96.41084574 96.41250047 96.41419023 96.41589958 96.41761164 96.41931120 96.42099219 96.42266572 96.42435388 96.42607121 96.42781908 96.42957301 96.43130821 96.43287791 96.43385425 96.43518129 96.43685247 96.43854108 96.44015592 96.44094557 96.44221957 96.44343571 96.44450848 96.44542450 96.44622609 96.44696161 96.44764890 96.44827711 96.44882025 96.44926692 96.44963116 96.44993889 96.45021004 96.45045481 96.45067957 96.45088196 96.45106081 96.45125050 96.45148385 96.45175345 96.45206394 96.45243500 96.45297728 96.45413048 96.45673475 96.46214825 96.47259211 96.49159817 96.52449653 96.57884075 96.66450225 96.79296445 96.97450287 97.19230560 97.31916330 97.44314418 97.59498257 97.99676326 98.46087639 98.89431290 99.10390186 99.46781186 99.72513652 99.84838262 107.6288114 113.2663399 134.3447804 138.3639458 149.5139417 152.2022941 167.2864791 223.0530101 269.0023856 340.7451999 830.9094262 6443.812485 17761.23812 20192.21718
