    unsorted:	 96.38285597 96.38285597 96.38285597 96.38285597 96.38285597 96.38285597 96.38285597 96.38285597 96.38285597 96.38285597 95.67680464 95.68970739 95.63048550 95.65155445 95.71961863 95.72387486 95.60791880 95.75584277 95.76266187 95.77870769 95.79360517 95.80163365 95.56934918 95.83617392 95.52500846 95.47870856 95.86955733 95.43272430 95.38884456 95.34501712 95.90106437 95.29750454 95.24754623 95.20811719 95.18423665 95.13633020 95.08562938 95.03546404 94.98463949 95.94415137 94.93262963 94.88040614 94.82900243 94.77821724 94.72688438 94.67048377 94.61390937 94.55918467 94.50787403 94.46179774 94.42146184 94.40977834 94.36953896 94.35373257 94.31507363 94.27251175 94.23122047 94.18873095 94.11378487 94.14870361 94.08112284 94.04922923 94.02101463 93.99695532 93.97475854 93.95497862 93.93957075 93.92622662 93.91475046 93.90671924 93.89468717 93.89942675 93.89166043 96.02088647 96.16173820 93.43344874 97.71850747 92.43740819 91.36492005 90.09395079 89.98682055 88.73065097 87.85633951 87.18597031 102.8230478 107.7792297 109.6828787 82.56118045 81.01539887 116.2471365 127.5673779 67.92614930 130.2116188 133.7865604 147.2289061 149.6863408 52.24153494 155.8775909 161.2370848 175.5250195 183.7099011 195.2981279 209.5220595 241.3994093 267.7179204 293.6741987 341.3206470 378.2391792 488.5548952 570.1212440 704.8617417 962.4126136 1425.526114 1472.485239 2154.174527 2910.716162 3961.096275 4276.684586 7930.443915 16647.45630 408934.4074 14423479.04
      sorted:	 52.24153494 67.92614930 81.01539887 82.56118045 87.18597031 87.85633951 88.73065097 89.98682055 90.09395079 91.36492005 92.43740819 93.43344874 93.89166043 93.89468717 93.89942675 93.90671924 93.91475046 93.92622662 93.93957075 93.95497862 93.97475854 93.99695532 94.02101463 94.04922923 94.08112284 94.11378487 94.14870361 94.18873095 94.23122047 94.27251175 94.31507363 94.35373257 94.36953896 94.40977834 94.42146184 94.46179774 94.50787403 94.55918467 94.61390937 94.67048377 94.72688438 94.77821724 94.82900243 94.88040614 94.93262963 94.98463949 95.03546404 95.08562938 95.13633020 95.18423665 95.20811719 95.24754623 95.29750454 95.34501712 95.38884456 95.43272430 95.47870856 95.52500846 95.56934918 95.60791880 95.63048550 95.65155445 95.67680464 95.68970739 95.71961863 95.72387486 95.75584277 95.76266187 95.77870769 95.79360517 95.80163365 95.83617392 95.86955733 95.90106437 95.94415137 96.02088647 96.16173820 96.38285597 96.38285597 96.38285597 96.38285597 96.38285597 96.38285597 96.38285597 96.38285597 96.38285597 96.38285597 97.71850747 102.8230478 107.7792297 109.6828787 116.2471365 127.5673779 130.2116188 133.7865604 147.2289061 149.6863408 155.8775909 161.2370848 175.5250195 183.7099011 195.2981279 209.5220595 241.3994093 267.7179204 293.6741987 341.3206470 378.2391792 488.5548952 570.1212440 704.8617417 962.4126136 1425.526114 1472.485239 2154.174527 2910.716162 3961.096275 4276.684586 7930.443915 16647.45630 408934.4074 14423479.04
