    unsorted:	 96.38285597 96.38285597 96.38285597 96.38285597 96.38285597 96.38285597 96.38285597 96.38285597 96.38285597 96.38285597 96.46415583 96.46379241 96.46335716 96.46471177 96.46529755 96.46255482 96.46192867 96.46586222 96.46637227 96.46674391 96.46719981 96.46736287 96.46754446 96.46789088 96.46112361 96.46040251 96.45958845 96.45872427 96.45779835 96.45686834 96.45570972 96.45484868 96.45335568 96.45264722 96.45093686 96.45019189 96.44861430 96.44823707 96.44677989 96.44598298 96.44440927 96.44190349 96.44288125 96.44014809 96.43886935 96.43782285 96.43758218 96.43712891 96.43557775 96.43434370 96.43312227 96.43129006 96.43050730 96.42977978 96.42872142 96.42741638 96.42642805 96.42613940 96.42532410 96.42431268 96.42221269 96.42014331 96.47954569 96.41811851 96.48639378 96.49533085 96.40219050 96.50456126 96.50840415 96.34985503 96.21156458 96.12808234 96.01154221 95.74467171 95.76588573 97.03283067 95.41239808 95.01371950 94.56289495 97.87307137 94.08328465 93.60518189 93.15633234 92.76215228 92.45362557 92.23912428 92.10769309 102.1452111 102.8674287 106.8891069 109.7951408 110.7752842 117.9920294 121.5317314 75.39498118 124.6149690 130.1665598 42.32476439 157.3066446 210.0799744 230.3323734 22022.95274 8005.337350 62376.06081
      sorted:	 42.32476439 75.39498118 92.10769309 92.23912428 92.45362557 92.76215228 93.15633234 93.60518189 94.08328465 94.56289495 95.01371950 95.41239808 95.74467171 95.76588573 96.01154221 96.12808234 96.21156458 96.34985503 96.38285597 96.38285597 96.38285597 96.38285597 96.38285597 96.38285597 96.38285597 96.38285597 96.38285597 96.38285597 96.40219050 96.41811851 96.42014331 96.42221269 96.42431268 96.42532410 96.42613940 96.42642805 96.42741638 96.42872142 96.42977978 96.43050730 96.43129006 96.43312227 96.43434370 96.43557775 96.43712891 96.43758218 96.43782285 96.43886935 96.44014809 96.44190349 96.44288125 96.44440927 96.44598298 96.44677989 96.44823707 96.44861430 96.45019189 96.45093686 96.45264722 96.45335568 96.45484868 96.45570972 96.45686834 96.45779835 96.45872427 96.45958845 96.46040251 96.46112361 96.46192867 96.46255482 96.46335716 96.46379241 96.46415583 96.46471177 96.46529755 96.46586222 96.46637227 96.46674391 96.46719981 96.46736287 96.46754446 96.46789088 96.47954569 96.48639378 96.49533085 96.50456126 96.50840415 97.03283067 97.87307137 102.1452111 102.8674287 106.8891069 109.7951408 110.7752842 117.9920294 121.5317314 124.6149690 130.1665598 157.3066446 210.0799744 230.3323734 8005.337350 22022.95274 62376.06081
