    unsorted:	 92.11516625 92.42767932 91.77876632 92.71800161 91.41730370 92.98735154 91.02943239 93.23734128 93.46913108 90.61350193 93.68401771 90.16752618 93.88309939 89.68864523 89.08021468 88.42051236 87.70936933 86.94533370 86.12904430 85.26799176 84.38237404 83.49404563 82.72182278 82.51127788 81.49117912 80.30884350 79.40333505 79.00216774 77.59170764 76.60375356 75.38079112 76.00518887 74.77493536 74.24786417 73.68891985 73.08578517 72.26854250 71.75897416 70.47191281 69.36197350 68.24036279 67.07356637 66.12903626 65.69250133 107.1317355 107.6454545 111.2681944 56.19257268 55.17905754 120.4688337 136.7623090 153.7154273 158.4202433 170.0808900 171.5215642 173.9674099 174.4320312 173.3943982 165.9044621 179.7002154 185.7114397 192.7555651 194.4212129 198.1873878 197.4499502 203.6740457 209.8720919 211.4420753 213.3219410 220.8120225 221.5369774 223.8453127 224.0652811 246.1351631 250.5461522 265.1185793 267.4545422 286.9435948 292.1348584 322.0655502 330.4420790 352.8179013 370.2164907 379.4722397 390.7592315 408.7351907 435.2738417 457.9764752 532.7552992 546.8791059 597.1379234 600.1756118 650.2076834 678.9576688 720.9471101 748.2147651 828.9300441 858.5289008 886.9684552 926.7873407 944.4108759 1162.722120 1279.695080 1449.397949 1568.631018 1762.771134 1725.616977 1963.654033 2101.716057 2169.547829 2439.187038 2521.481988 3368.652279 3431.363925 3624.213115 3779.642470 4177.151216 4640.969705 4857.243673 5104.925494 5494.151276 6189.633415 6388.688702 7046.686246 7302.599961 7491.873627 11487.49578 12664.71851 134672.2339 96.38285597
      sorted:	 55.17905754 56.19257268 65.69250133 66.12903626 67.07356637 68.24036279 69.36197350 70.47191281 71.75897416 72.26854250 73.08578517 73.68891985 74.24786417 74.77493536 75.38079112 76.00518887 76.60375356 77.59170764 79.00216774 79.40333505 80.30884350 81.49117912 82.51127788 82.72182278 83.49404563 84.38237404 85.26799176 86.12904430 86.94533370 87.70936933 88.42051236 89.08021468 89.68864523 90.16752618 90.61350193 91.02943239 91.41730370 91.77876632 92.11516625 92.42767932 92.71800161 92.98735154 93.23734128 93.46913108 93.68401771 93.88309939 96.38285597 107.1317355 107.6454545 111.2681944 120.4688337 136.7623090 153.7154273 158.4202433 165.9044621 170.0808900 171.5215642 173.3943982 173.9674099 174.4320312 179.7002154 185.7114397 192.7555651 194.4212129 197.4499502 198.1873878 203.6740457 209.8720919 211.4420753 213.3219410 220.8120225 221.5369774 223.8453127 224.0652811 246.1351631 250.5461522 265.1185793 267.4545422 286.9435948 292.1348584 322.0655502 330.4420790 352.8179013 370.2164907 379.4722397 390.7592315 408.7351907 435.2738417 457.9764752 532.7552992 546.8791059 597.1379234 600.1756118 650.2076834 678.9576688 720.9471101 748.2147651 828.9300441 858.5289008 886.9684552 926.7873407 944.4108759 1162.722120 1279.695080 1449.397949 1568.631018 1725.616977 1762.771134 1963.654033 2101.716057 2169.547829 2439.187038 2521.481988 3368.652279 3431.363925 3624.213115 3779.642470 4177.151216 4640.969705 4857.243673 5104.925494 5494.151276 6189.633415 6388.688702 7046.686246 7302.599961 7491.873627 11487.49578 12664.71851 134672.2339
