    unsorted:	 62.06443343 61.74188508 64.03776689 66.11378781 68.27945599 70.43308322 70.77245813 72.69787080 59.16960198 74.73371728 76.62227805 78.35521974 56.59417047 79.93750215 81.38107955 82.70600979 54.24725490 51.68067493 49.20996325 47.26921695 46.00002448 97.02924883 109.0027517 126.1944325 202.8487776 222.0909866 247.9076648 322.6200546 323.6515876 309.5261818 305.1156798 293.1440940 277.8588294 345.0104428 363.0678679 391.2942324 395.8221132 393.7139753 415.3358052 415.8513710 409.4148048 424.0668822 448.4248933 488.0428644 511.1523828 524.1149804 521.1452486 549.4566433 563.6700141 576.7980895 589.8862950 596.7256084 599.2222635 624.9137798 647.9909829 665.8400689 684.4272583 717.7423319 733.1602202 775.8979565 849.7122700 860.9073720 904.5563437 963.3207720 960.2486792 981.4726912 1002.286086 1076.534581 1105.726003 1133.031308 1224.384295 1203.629194 1249.804088 1315.916211 1351.971012 1602.664289 1751.959470 1849.597381 2036.923666 2022.971482 2144.049948 2167.370345 2212.717498 2262.499105 2446.920174 2477.930407 2615.833312 2751.791015 3041.624954 3076.606425 3427.051475 3523.364566 3593.182018 3837.353006 4376.380424 4522.637808 4697.872201 4939.733580 5204.569115 5547.507869 6018.837913 7487.019100 7763.233116 8142.455687 8634.730605 8902.322664 9286.066580 10241.15441 10709.37569 11235.89725 12598.10735 14679.46337 16553.11756 17174.87583 20917.72938 20780.41591 22494.32048 24271.83776 24050.18728 27192.01101 31398.01252 33411.95334 39853.35542 39532.48007 41435.74590 45258.33386 46716.73769 50681.30194 62870.57979 49858159.84 96.38285597 96.38285597 96.38285597 96.38285597 96.38285597 96.38285597 96.38285597 96.38285597 96.38285597 96.38285597
      sorted:	 46.00002448 47.26921695 49.20996325 51.68067493 54.24725490 56.59417047 59.16960198 61.74188508 62.06443343 64.03776689 66.11378781 68.27945599 70.43308322 70.77245813 72.69787080 74.73371728 76.62227805 78.35521974 79.93750215 81.38107955 82.70600979 96.38285597 96.38285597 96.38285597 96.38285597 96.38285597 96.38285597 96.38285597 96.38285597 96.38285597 96.38285597 97.02924883 109.0027517 126.1944325 202.8487776 222.0909866 247.9076648 277.8588294 293.1440940 305.1156798 309.5261818 322.6200546 323.6515876 345.0104428 363.0678679 391.2942324 393.7139753 395.8221132 409.4148048 415.3358052 415.8513710 424.0668822 448.4248933 488.0428644 511.1523828 521.1452486 524.1149804 549.4566433 563.6700141 576.7980895 589.8862950 596.7256084 599.2222635 624.9137798 647.9909829 665.8400689 684.4272583 717.7423319 733.1602202 775.8979565 849.7122700 860.9073720 904.5563437 960.2486792 963.3207720 981.4726912 1002.286086 1076.534581 1105.726003 1133.031308 1203.629194 1224.384295 1249.804088 1315.916211 1351.971012 1602.664289 1751.959470 1849.597381 2022.971482 2036.923666 2144.049948 2167.370345 2212.717498 2262.499105 2446.920174 2477.930407 2615.833312 2751.791015 3041.624954 3076.606425 3427.051475 3523.364566 3593.182018 3837.353006 4376.380424 4522.637808 4697.872201 4939.733580 5204.569115 5547.507869 6018.837913 7487.019100 7763.233116 8142.455687 8634.730605 8902.322664 9286.066580 10241.15441 10709.37569 11235.89725 12598.10735 14679.46337 16553.11756 17174.87583 20780.41591 20917.72938 22494.32048 24050.18728 24271.83776 27192.01101 31398.01252 33411.95334 39532.48007 39853.35542 41435.74590 45258.33386 46716.73769 50681.30194 62870.57979 49858159.84
