    unsorted:	 96.38285597 96.38285597 96.38285597 96.38285597 96.38285597 96.38285597 96.38285597 96.38285597 96.38285597 96.38285597 93.92456658 93.99141238 94.05713638 93.84421785 93.76492500 94.12719421 94.19460936 94.25715825 94.32554734 93.69426426 93.61408175 94.39997251 94.47061277 94.53931341 93.51866616 94.62256951 93.42479319 94.70405223 93.32180134 94.77814666 93.20324115 93.08131401 94.90248232 92.94552116 92.79689630 92.67349515 95.09883335 92.56676157 95.20844379 92.40145821 92.21871360 92.04569125 95.44173996 91.85940415 91.67909601 91.49033638 91.30278132 91.11605333 90.93225434 96.04063462 96.36765401 90.75941029 90.59481557 90.44349732 90.31139158 90.20453956 90.10809011 90.12760018 98.04125084 98.73679047 101.0802758 103.9364785 83.60893244 105.6991894 116.8648409 155.2956535 162.4958612 191.3160363 196.8386250 224.0596128 232.9792771 275.1211900 281.6145767 327.3781252 346.2444614 354.0292015 425.5296096 458.4571239 505.5663112 514.9113414 566.1029200 712.7842529 783.6039961 855.2995601 894.0800264 1347.625512 1433.231923 1786.147155 1926.492332 25541.68259 56205.54208 7025786.584
      sorted:	 83.60893244 90.10809011 90.12760018 90.20453956 90.31139158 90.44349732 90.59481557 90.75941029 90.93225434 91.11605333 91.30278132 91.49033638 91.67909601 91.85940415 92.04569125 92.21871360 92.40145821 92.56676157 92.67349515 92.79689630 92.94552116 93.08131401 93.20324115 93.32180134 93.42479319 93.51866616 93.61408175 93.69426426 93.76492500 93.84421785 93.92456658 93.99141238 94.05713638 94.12719421 94.19460936 94.25715825 94.32554734 94.39997251 94.47061277 94.53931341 94.62256951 94.70405223 94.77814666 94.90248232 95.09883335 95.20844379 95.44173996 96.04063462 96.36765401 96.38285597 96.38285597 96.38285597 96.38285597 96.38285597 96.38285597 96.38285597 96.38285597 96.38285597 96.38285597 98.04125084 98.73679047 101.0802758 103.9364785 105.6991894 116.8648409 155.2956535 162.4958612 191.3160363 196.8386250 224.0596128 232.9792771 275.1211900 281.6145767 327.3781252 346.2444614 354.0292015 425.5296096 458.4571239 505.5663112 514.9113414 566.1029200 712.7842529 783.6039961 855.2995601 894.0800264 1347.625512 1433.231923 1786.147155 1926.492332 25541.68259 56205.54208 7025786.584
