    unsorted:	 96.38285597 96.38285597 96.38285597 96.38285597 96.38285597 96.38285597 96.38285597 96.38285597 96.38285597 96.38285597 98.77114816 98.66850065 99.22870128 99.76894281 100.4074701 101.1606481 102.0424871 103.0747200 104.2709295 105.6479305 107.2203096 108.9877692 111.6323191 110.8966156 113.1734002 115.4093360 117.6016741 118.8240290 120.0975763 121.6762602 122.4394714 123.0714764 79.93737920 143.0620204 173.1335365 342.3238613 426.3579515 446.4696869 764.5655500 914.9683140 1030.088652 1072.939960 1278.110060 1476.259949 1512.939205 1778.420046 1803.673511 1908.331044 2004.432775 2046.527388 2120.709243 2193.171120 2330.956656 2453.716475 2423.647394 2583.631148 2977.965184 2952.548656 2859.538587 3043.199720 3126.594164 3476.160928 3566.725891 3618.243359 3736.546553 3960.350195 4141.368557 4050.227740 4163.483415 4270.450782 4374.026143 4967.710817 4949.483326 5722.615479 5539.042169 5788.115620 5923.614349 5951.048112 6177.260983 6185.266939 6281.637642 6321.572556 6423.081506 6389.017941 6950.084717 8272.817061 8339.171272 9103.696591 9095.445582 8944.117785 9222.611020 9322.818238 9589.188795 10054.57600 10323.01770 10676.33062 11241.78912 11906.90617 12021.25259 12150.08847 12326.67096 12441.41178 12753.73859 13901.51124 13862.00845 14337.75767 14818.82669 15908.94010 15994.35105 16477.94807 17034.47291 18741.73059 18859.82503 19531.96812 19682.06028 19971.08612 20407.59620 21600.22836 22617.89569 23451.36779 25153.68652 25591.46412 26052.36635 28348.09791 28872.16536 29271.91031 29361.78244 30322.47245 31583.58340 32349.95371 33060.37914 34806.54361 36026.42783 39422.55936 41704.39659 42258.38134 48284.02302 53695.17361 73879.31700 206389.9563 7181198.904 8338555144.
      sorted:	 79.93737920 96.38285597 96.38285597 96.38285597 96.38285597 96.38285597 96.38285597 96.38285597 96.38285597 96.38285597 96.38285597 98.66850065 98.77114816 99.22870128 99.76894281 100.4074701 101.1606481 102.0424871 103.0747200 104.2709295 105.6479305 107.2203096 108.9877692 110.8966156 111.6323191 113.1734002 115.4093360 117.6016741 118.8240290 120.0975763 121.6762602 122.4394714 123.0714764 143.0620204 173.1335365 342.3238613 426.3579515 446.4696869 764.5655500 914.9683140 1030.088652 1072.939960 1278.110060 1476.259949 1512.939205 1778.420046 1803.673511 1908.331044 2004.432775 2046.527388 2120.709243 2193.171120 2330.956656 2423.647394 2453.716475 2583.631148 2859.538587 2952.548656 2977.965184 3043.199720 3126.594164 3476.160928 3566.725891 3618.243359 3736.546553 3960.350195 4050.227740 4141.368557 4163.483415 4270.450782 4374.026143 4949.483326 4967.710817 5539.042169 5722.615479 5788.115620 5923.614349 5951.048112 6177.260983 6185.266939 6281.637642 6321.572556 6389.017941 6423.081506 6950.084717 8272.817061 8339.171272 8944.117785 9095.445582 9103.696591 9222.611020 9322.818238 9589.188795 10054.57600 10323.01770 10676.33062 11241.78912 11906.90617 12021.25259 12150.08847 12326.67096 12441.41178 12753.73859 13862.00845 13901.51124 14337.75767 14818.82669 15908.94010 15994.35105 16477.94807 17034.47291 18741.73059 18859.82503 19531.96812 19682.06028 19971.08612 20407.59620 21600.22836 22617.89569 23451.36779 25153.68652 25591.46412 26052.36635 28348.09791 28872.16536 29271.91031 29361.78244 30322.47245 31583.58340 32349.95371 33060.37914 34806.54361 36026.42783 39422.55936 41704.39659 42258.38134 48284.02302 53695.17361 73879.31700 206389.9563 7181198.904 8338555144.
