    unsorted:	 96.38285597 96.38285597 96.38285597 96.38285597 96.38285597 96.38285597 96.38285597 96.38285597 96.38285597 96.38285597 96.31450190 96.31458248 96.31205568 96.30677951 96.29968294 96.29213574 96.29036577 96.32235003 96.27926529 96.27010924 96.33553240 96.25844440 96.34948743 96.24396541 96.23447352 96.22311061 96.38568946 96.38961663 96.19966620 96.17060646 96.16047814 96.40580910 96.13579272 96.10064698 96.44337395 96.06925379 96.05591641 96.02784016 95.99463469 95.96057291 95.92701347 95.89503711 95.86581443 95.84340502 95.83020173 95.81556529 95.80409714 95.79322029 95.78487087 95.77931701 95.77791722 95.77501652 95.77393378 96.52022614 96.64150891 95.60762145 95.35135985 94.28902055 93.96945168 98.63383647 93.25235938 102.6265380 104.7393862 106.5454638 118.8241360 124.5209993 65.38047609 148.1724384 213.5362612 310.6806224 6322.468696 44046.33230 136911374.6
      sorted:	 65.38047609 93.25235938 93.96945168 94.28902055 95.35135985 95.60762145 95.77393378 95.77501652 95.77791722 95.77931701 95.78487087 95.79322029 95.80409714 95.81556529 95.83020173 95.84340502 95.86581443 95.89503711 95.92701347 95.96057291 95.99463469 96.02784016 96.05591641 96.06925379 96.10064698 96.13579272 96.16047814 96.17060646 96.19966620 96.22311061 96.23447352 96.24396541 96.25844440 96.27010924 96.27926529 96.29036577 96.29213574 96.29968294 96.30677951 96.31205568 96.31450190 96.31458248 96.32235003 96.33553240 96.34948743 96.38285597 96.38285597 96.38285597 96.38285597 96.38285597 96.38285597 96.38285597 96.38285597 96.38285597 96.38285597 96.38568946 96.38961663 96.40580910 96.44337395 96.52022614 96.64150891 98.63383647 102.6265380 104.7393862 106.5454638 118.8241360 124.5209993 148.1724384 213.5362612 310.6806224 6322.468696 44046.33230 136911374.6
