    unsorted:	 96.38285597 96.38285597 96.38285597 96.38285597 96.38285597 96.38285597 96.38285597 96.38285597 96.38285597 96.38285597 96.15807535 96.16609773 96.18209829 96.11006636 96.03093569 96.06835840 95.97713459 95.93683750 96.25434386 95.85590091 96.33051758 95.76154918 95.65499745 95.52462916 95.35159341 95.12951300 94.86900513 94.59898591 94.32514909 94.03445192 93.82976228 93.60999414 93.54970468 93.36399788 96.82059190 93.12793039 92.96115212 92.69138153 92.43274664 92.16971209 91.88090989 91.61381694 91.32154527 91.04165076 90.75230972 90.46790001 90.19177064 89.91576877 89.65954816 89.40460811 89.16036760 88.92522687 88.69886563 88.48894680 88.29752143 88.13253604 87.99867515 87.88679234 87.85192182 98.29373889 101.5050371 84.78054499 104.7066287 114.1118006 117.0922134 132.4205377 185.0723302 188.0953382 210.2811784 226.1832310 241.4093064 269.1107147 315.4345740 351.3139777 369.3290785 391.8327806 407.2764562 430.9958106 528.6554984 592.4437392 616.5480031 703.9272102 856.2535153 1026.672437 1083.953622 1167.457987 1348.347811 1501.113737 2389.478679 25482.78640 60135.31118 965132641.5
      sorted:	 84.78054499 87.85192182 87.88679234 87.99867515 88.13253604 88.29752143 88.48894680 88.69886563 88.92522687 89.16036760 89.40460811 89.65954816 89.91576877 90.19177064 90.46790001 90.75230972 91.04165076 91.32154527 91.61381694 91.88090989 92.16971209 92.43274664 92.69138153 92.96115212 93.12793039 93.36399788 93.54970468 93.60999414 93.82976228 94.03445192 94.32514909 94.59898591 94.86900513 95.12951300 95.35159341 95.52462916 95.65499745 95.76154918 95.85590091 95.93683750 95.97713459 96.03093569 96.06835840 96.11006636 96.15807535 96.16609773 96.18209829 96.25434386 96.33051758 96.38285597 96.38285597 96.38285597 96.38285597 96.38285597 96.38285597 96.38285597 96.38285597 96.38285597 96.38285597 96.82059190 98.29373889 101.5050371 104.7066287 114.1118006 117.0922134 132.4205377 185.0723302 188.0953382 210.2811784 226.1832310 241.4093064 269.1107147 315.4345740 351.3139777 369.3290785 391.8327806 407.2764562 430.9958106 528.6554984 592.4437392 616.5480031 703.9272102 856.2535153 1026.672437 1083.953622 1167.457987 1348.347811 1501.113737 2389.478679 25482.78640 60135.31118 965132641.5
