    unsorted:	 96.38285597 96.38285597 96.38285597 96.38285597 96.38285597 96.38285597 96.38285597 96.38285597 96.38285597 96.38285597 215.2111878 214.5696941 214.8063155 212.5609058 211.2445452 208.2702297 205.9092674 203.7814525 202.7590816 196.2623766 196.8868786 232.1055219 230.3371967 233.7799635 189.8285855 239.9339016 243.4911742 180.6618298 181.9883870 256.0221350 259.3505935 270.0432863 173.2649060 279.8259000 284.8556628 291.8107693 305.1637660 305.5979700 303.0477431 307.5597180 163.9789174 318.7557593 154.1745433 145.5174210 143.9756161 333.6151455 133.5432357 347.9980175 353.2292582 365.2974191 123.0048350 112.5249167 379.8022625 102.2780639 393.7336737 88.74784657 418.7170263 426.2766317 431.8380260 440.2690875 442.3293270 453.0389827 457.3378340 83.29567671 478.5853641 485.4771181 497.4557400 506.8725182 522.3933143 534.7637854 44.89167854 587.3846367 600.9826795 613.4822756 633.9919877 674.9316527 695.8985831 693.1105714 792.9976699 861.6341868 846.6463915 883.4915971 948.6395788 949.5263132 935.7217389 1163.287320 1224.831565 1302.153124 1338.236170 1397.297468 1428.552617 1561.447583 1655.599964 1671.035873 1741.223125 1824.018640 1842.387467 2123.620654 2162.175587 2250.889861 2268.877956 2419.037933 2597.194047 2642.811810 2820.358523 3119.921409 3601.755874 3711.916093 3859.375387 4598.642764 4684.080391 4910.698160 5230.291308 5835.151261 5996.731030 6490.333213 6563.798796 7741.048395 7893.086698 8340.078103 9095.969577 9932.302257 11026.43630 11352.32578 12572.01076 13530.49897 14226.24986 14163.52154 15094.69973 15427.33291 18906.94188 21088.08322 22260.00858 24211.90637 26165.23561 26791.08203 30882.57378 36848.79435 46883.74425 53246.63139 7542266.878 18276914.28
      sorted:	 44.89167854 83.29567671 88.74784657 96.38285597 96.38285597 96.38285597 96.38285597 96.38285597 96.38285597 96.38285597 96.38285597 96.38285597 96.38285597 102.2780639 112.5249167 123.0048350 133.5432357 143.9756161 145.5174210 154.1745433 163.9789174 173.2649060 180.6618298 181.9883870 189.8285855 196.2623766 196.8868786 202.7590816 203.7814525 205.9092674 208.2702297 211.2445452 212.5609058 214.5696941 214.8063155 215.2111878 230.3371967 232.1055219 233.7799635 239.9339016 243.4911742 256.0221350 259.3505935 270.0432863 279.8259000 284.8556628 291.8107693 303.0477431 305.1637660 305.5979700 307.5597180 318.7557593 333.6151455 347.9980175 353.2292582 365.2974191 379.8022625 393.7336737 418.7170263 426.2766317 431.8380260 440.2690875 442.3293270 453.0389827 457.3378340 478.5853641 485.4771181 497.4557400 506.8725182 522.3933143 534.7637854 587.3846367 600.9826795 613.4822756 633.9919877 674.9316527 693.1105714 695.8985831 792.9976699 846.6463915 861.6341868 883.4915971 935.7217389 948.6395788 949.5263132 1163.287320 1224.831565 1302.153124 1338.236170 1397.297468 1428.552617 1561.447583 1655.599964 1671.035873 1741.223125 1824.018640 1842.387467 2123.620654 2162.175587 2250.889861 2268.877956 2419.037933 2597.194047 2642.811810 2820.358523 3119.921409 3601.755874 3711.916093 3859.375387 4598.642764 4684.080391 4910.698160 5230.291308 5835.151261 5996.731030 6490.333213 6563.798796 7741.048395 7893.086698 8340.078103 9095.969577 9932.302257 11026.43630 11352.32578 12572.01076 13530.49897 14163.52154 14226.24986 15094.69973 15427.33291 18906.94188 21088.08322 22260.00858 24211.90637 26165.23561 26791.08203 30882.57378 36848.79435 46883.74425 53246.63139 7542266.878 18276914.28
