    unsorted:	 96.38285597 96.38285597 96.38285597 96.38285597 96.38285597 96.38285597 96.38285597 96.38285597 96.38285597 96.38285597 96.20233024 96.20277808 96.20179233 96.20153259 96.20110866 96.20085807 96.20354692 96.20392110 96.20465413 96.20512063 96.20534684 96.19992640 96.19937223 96.20746617 96.21012700 96.21325515 96.21677582 96.19448115 96.22059800 96.22463680 96.22877440 96.23268607 96.23560179 96.23886061 96.24309984 96.24762432 96.25225571 96.25691146 96.26157480 96.26627354 96.27106355 96.27605109 96.28384586 96.28797334 96.29205382 96.29652548 96.30115726 96.30575695 96.31023550 96.31454858 96.31867397 96.32260173 96.32632899 96.32985720 96.33319066 96.33633559 96.33929954 96.34209088 96.34471833 96.34719075 96.34951687 96.35170504 96.35368458 96.35565503 96.35750135 96.35923169 96.36085897 96.36239885 96.36386240 96.36525427 96.36658105 96.18021233 96.38554058 96.15296376 96.10425336 96.02042767 95.87926211 95.64428445 95.25577040 97.38630134 97.55293854 94.61750873 93.78289267 93.57833232 92.69185747 91.92667931 89.38863204 104.9569637 85.67586818 108.6794604 109.0241760 80.61128247 74.24351030 121.3093169 66.97523663 135.8857071 60.64191973 140.4295170 148.1325333 150.6760064 182.2287821 190.9488366 195.3337593 209.3733096 230.8823797 251.5508762 262.9498971 282.5455743 337.0764000 363.4340411 430.7492381 534.5619481 621.4114380 1002.349818 1063.930454 1387.036603 2086.249124 2043.993557 4099.388401 16156.87147 84474.72700 284816.5520
      sorted:	 60.64191973 66.97523663 74.24351030 80.61128247 85.67586818 89.38863204 91.92667931 92.69185747 93.57833232 93.78289267 94.61750873 95.25577040 95.64428445 95.87926211 96.02042767 96.10425336 96.15296376 96.18021233 96.19448115 96.19937223 96.19992640 96.20085807 96.20110866 96.20153259 96.20179233 96.20233024 96.20277808 96.20354692 96.20392110 96.20465413 96.20512063 96.20534684 96.20746617 96.21012700 96.21325515 96.21677582 96.22059800 96.22463680 96.22877440 96.23268607 96.23560179 96.23886061 96.24309984 96.24762432 96.25225571 96.25691146 96.26157480 96.26627354 96.27106355 96.27605109 96.28384586 96.28797334 96.29205382 96.29652548 96.30115726 96.30575695 96.31023550 96.31454858 96.31867397 96.32260173 96.32632899 96.32985720 96.33319066 96.33633559 96.33929954 96.34209088 96.34471833 96.34719075 96.34951687 96.35170504 96.35368458 96.35565503 96.35750135 96.35923169 96.36085897 96.36239885 96.36386240 96.36525427 96.36658105 96.38285597 96.38285597 96.38285597 96.38285597 96.38285597 96.38285597 96.38285597 96.38285597 96.38285597 96.38285597 96.38554058 97.38630134 97.55293854 104.9569637 108.6794604 109.0241760 121.3093169 135.8857071 140.4295170 148.1325333 150.6760064 182.2287821 190.9488366 195.3337593 209.3733096 230.8823797 251.5508762 262.9498971 282.5455743 337.0764000 363.4340411 430.7492381 534.5619481 621.4114380 1002.349818 1063.930454 1387.036603 2043.993557 2086.249124 4099.388401 16156.87147 84474.72700 284816.5520
