    unsorted:	 96.38285597 96.38285597 96.38285597 96.38285597 96.38285597 96.38285597 96.38285597 96.38285597 96.38285597 96.38285597 95.84182741 95.82290055 95.80054503 95.78122733 95.86239522 95.88072466 95.75625566 95.73699491 95.89980539 95.91673661 95.92563069 95.69835786 95.95648728 95.66090785 95.62586442 95.98818956 95.58278830 95.53245479 95.47789365 96.02213729 95.42031267 95.36066662 95.30110566 95.24709549 95.19711702 95.13696619 95.06841539 94.99723424 94.93053971 96.11417070 94.87543112 94.81317690 94.74054129 94.67391436 94.62225829 94.54754495 94.52211186 94.45135788 94.39249979 94.33951752 94.28157308 94.22980007 94.17598534 94.12318776 94.07155226 94.01815116 93.96692766 93.91376667 93.86278069 93.81153627 93.76132148 93.71271716 93.66463910 93.61879749 93.57397906 93.53085833 93.48943419 93.44908686 93.41079850 93.37367087 93.33874343 93.30566764 93.27485611 93.24657842 93.22084624 93.19853886 93.18046068 93.16786438 93.16042233 93.15739090 96.56988695 97.73585644 91.63571141 100.6006783 86.74725717 107.8130621 82.90589195 79.83474189 119.8445075 123.9781984 72.19116223 128.0138846 130.8334464 133.2406744 64.54464207 57.92378301 146.5119025 150.4461311 168.9592107 182.5111754 193.1323430 195.1754899 216.8655624 232.8819142 266.4032208 280.5254142 303.0269765 425.5420246 491.8175452 505.7931252 530.1670012 801.6912510 945.6135915 1044.038163 1402.422979 1663.259508 2069.849446 2399.679193 3147.493777 16177.31907 140757.5117 7548196.465
      sorted:	 57.92378301 64.54464207 72.19116223 79.83474189 82.90589195 86.74725717 91.63571141 93.15739090 93.16042233 93.16786438 93.18046068 93.19853886 93.22084624 93.24657842 93.27485611 93.30566764 93.33874343 93.37367087 93.41079850 93.44908686 93.48943419 93.53085833 93.57397906 93.61879749 93.66463910 93.71271716 93.76132148 93.81153627 93.86278069 93.91376667 93.96692766 94.01815116 94.07155226 94.12318776 94.17598534 94.22980007 94.28157308 94.33951752 94.39249979 94.45135788 94.52211186 94.54754495 94.62225829 94.67391436 94.74054129 94.81317690 94.87543112 94.93053971 94.99723424 95.06841539 95.13696619 95.19711702 95.24709549 95.30110566 95.36066662 95.42031267 95.47789365 95.53245479 95.58278830 95.62586442 95.66090785 95.69835786 95.73699491 95.75625566 95.78122733 95.80054503 95.82290055 95.84182741 95.86239522 95.88072466 95.89980539 95.91673661 95.92563069 95.95648728 95.98818956 96.02213729 96.11417070 96.38285597 96.38285597 96.38285597 96.38285597 96.38285597 96.38285597 96.38285597 96.38285597 96.38285597 96.38285597 96.56988695 97.73585644 100.6006783 107.8130621 119.8445075 123.9781984 128.0138846 130.8334464 133.2406744 146.5119025 150.4461311 168.9592107 182.5111754 193.1323430 195.1754899 216.8655624 232.8819142 266.4032208 280.5254142 303.0269765 425.5420246 491.8175452 505.7931252 530.1670012 801.6912510 945.6135915 1044.038163 1402.422979 1663.259508 2069.849446 2399.679193 3147.493777 16177.31907 140757.5117 7548196.465
