    unsorted:	 96.38285597 96.38285597 96.38285597 96.38285597 96.38285597 96.38285597 96.38285597 96.38285597 96.38285597 96.38285597 114.4289569 110.8114654 107.8201574 120.8423731 124.1551976 94.66994357 187.2087290 189.5589827 173.8450774 200.0569448 248.8677596 239.3187971 253.7598778 297.0252765 361.1457739 461.3089080 545.9031663 585.7119139 627.3091054 650.7861205 673.9869627 862.1035595 955.8030564 3226.157420 3212.987442 3242.573787 3267.416813 3301.018234 3115.358975 2969.534771 2908.621322 2847.580170 3406.071574 2675.917224 2550.852432 2352.284559 2211.930798 2077.024385 2052.129442 1858.939475 1824.946362 1654.587372 1519.778516 3652.817603 3959.574926 4071.101446 4104.934330 4369.281311 4435.088481 4529.864682 4623.945597 4686.580701 4701.912707 4860.640211 4955.281950 5078.339708 5439.895730 5432.850051 5392.050759 5266.141838 5652.729211 5827.102550 5843.393518 5881.750837 5974.304008 6007.755368 6311.843761 6515.417252 6572.590376 6777.489533 6739.262411 6815.442677 6962.896245 7176.059498 7531.627252 8088.324510 8152.939513 8302.770876 8362.608284 8715.879188 8847.032001 9947.723393 9769.442656 10067.76689 10413.31872 10708.12268 10868.23622 11581.90149 11774.48898 11816.07683 12274.52597 12436.41577 12449.19882 12537.96246 13839.28986 14329.57637 15874.89853 16562.28431 16801.73610 17436.38220 18027.00269 18242.33770 19323.11093 20310.38395 21169.18588 22236.07741 24739.21403 25046.08895 25224.47374 27009.41950 29553.45167 31130.15631 32090.48498 34774.05987 38277.12052 40235.07161 44283.61820 45060.35999 51112.16994 54176.34459 57643.53847 64057.09243 68363.14768 74863.34892 74508.29302 76921.59234 83647.30202 95870.39650 127283.3217 150973.6542 6588591.429 13154996.64 1792842070.
      sorted:	 94.66994357 96.38285597 96.38285597 96.38285597 96.38285597 96.38285597 96.38285597 96.38285597 96.38285597 96.38285597 96.38285597 107.8201574 110.8114654 114.4289569 120.8423731 124.1551976 173.8450774 187.2087290 189.5589827 200.0569448 239.3187971 248.8677596 253.7598778 297.0252765 361.1457739 461.3089080 545.9031663 585.7119139 627.3091054 650.7861205 673.9869627 862.1035595 955.8030564 1519.778516 1654.587372 1824.946362 1858.939475 2052.129442 2077.024385 2211.930798 2352.284559 2550.852432 2675.917224 2847.580170 2908.621322 2969.534771 3115.358975 3212.987442 3226.157420 3242.573787 3267.416813 3301.018234 3406.071574 3652.817603 3959.574926 4071.101446 4104.934330 4369.281311 4435.088481 4529.864682 4623.945597 4686.580701 4701.912707 4860.640211 4955.281950 5078.339708 5266.141838 5392.050759 5432.850051 5439.895730 5652.729211 5827.102550 5843.393518 5881.750837 5974.304008 6007.755368 6311.843761 6515.417252 6572.590376 6739.262411 6777.489533 6815.442677 6962.896245 7176.059498 7531.627252 8088.324510 8152.939513 8302.770876 8362.608284 8715.879188 8847.032001 9769.442656 9947.723393 10067.76689 10413.31872 10708.12268 10868.23622 11581.90149 11774.48898 11816.07683 12274.52597 12436.41577 12449.19882 12537.96246 13839.28986 14329.57637 15874.89853 16562.28431 16801.73610 17436.38220 18027.00269 18242.33770 19323.11093 20310.38395 21169.18588 22236.07741 24739.21403 25046.08895 25224.47374 27009.41950 29553.45167 31130.15631 32090.48498 34774.05987 38277.12052 40235.07161 44283.61820 45060.35999 51112.16994 54176.34459 57643.53847 64057.09243 68363.14768 74508.29302 74863.34892 76921.59234 83647.30202 95870.39650 127283.3217 150973.6542 6588591.429 13154996.64 1792842070.
