    unsorted:	 96.38285597 96.38285597 96.38285597 96.38285597 96.38285597 96.38285597 96.38285597 96.38285597 96.38285597 96.38285597 96.27152340 96.25163303 96.28842809 96.22824505 96.30278760 96.20076547 96.16850814 96.13068308 96.08638550 96.03458465 95.97411352 95.90365923 95.82175171 95.72672628 95.60609571 95.46494250 95.30031290 95.10889876 94.88711963 94.63129688 94.33795654 94.00429274 93.62887828 93.21214739 92.75501428 92.23318282 91.73997193 91.15676351 98.44348524 90.50018550 89.71712550 88.89267819 87.94130200 86.97533911 86.37703500 85.60093384 84.36678458 82.97560563 81.56213928 80.07687637 78.48092770 76.77545771 74.94215560 72.86609561 109.8548482 70.56402796 68.29530599 66.45198644 123.3432623 140.8924977 234.6985351 240.3456407 231.0756853 243.1890222 216.2239341 251.8786353 262.6048146 287.3939005 286.9271744 338.7566396 339.0332182 345.6529066 347.8255841 319.8288336 357.2837305 368.8740197 372.5277902 375.7968962 410.3353562 421.4408315 457.7515783 451.7868083 471.3153543 478.2533629 506.7358147 502.2116029 522.4133211 537.1221924 575.0510812 579.6356449 641.4665905 668.8463376 690.1608586 708.8911542 745.2937870 785.4843703 872.0179093 931.8598668 918.7084817 945.9647032 975.9917578 1000.956198 1017.067466 1288.078107 1439.698291 1447.546175 1505.778939 1520.740794 1687.582068 1838.464482 1813.155655 2070.494469 2120.197707 2224.397041 2312.782094 2494.577384 2669.943713 2881.633627 2956.141600 3368.925621 3626.683005 4039.161380 4492.720585 4632.355836 4887.599004 5739.821734 6837.430622 7253.461827 8014.768402 8082.238532 8377.270327 9680.756121 10691.65818 11371.07132 12488.63901 12718.28426 13142.24637 13418.15447 15709.42256 19193.44384 1551748.804 156239888.2
      sorted:	 66.45198644 68.29530599 70.56402796 72.86609561 74.94215560 76.77545771 78.48092770 80.07687637 81.56213928 82.97560563 84.36678458 85.60093384 86.37703500 86.97533911 87.94130200 88.89267819 89.71712550 90.50018550 91.15676351 91.73997193 92.23318282 92.75501428 93.21214739 93.62887828 94.00429274 94.33795654 94.63129688 94.88711963 95.10889876 95.30031290 95.46494250 95.60609571 95.72672628 95.82175171 95.90365923 95.97411352 96.03458465 96.08638550 96.13068308 96.16850814 96.20076547 96.22824505 96.25163303 96.27152340 96.28842809 96.30278760 96.38285597 96.38285597 96.38285597 96.38285597 96.38285597 96.38285597 96.38285597 96.38285597 96.38285597 96.38285597 98.44348524 109.8548482 123.3432623 140.8924977 216.2239341 231.0756853 234.6985351 240.3456407 243.1890222 251.8786353 262.6048146 286.9271744 287.3939005 319.8288336 338.7566396 339.0332182 345.6529066 347.8255841 357.2837305 368.8740197 372.5277902 375.7968962 410.3353562 421.4408315 451.7868083 457.7515783 471.3153543 478.2533629 502.2116029 506.7358147 522.4133211 537.1221924 575.0510812 579.6356449 641.4665905 668.8463376 690.1608586 708.8911542 745.2937870 785.4843703 872.0179093 918.7084817 931.8598668 945.9647032 975.9917578 1000.956198 1017.067466 1288.078107 1439.698291 1447.546175 1505.778939 1520.740794 1687.582068 1813.155655 1838.464482 2070.494469 2120.197707 2224.397041 2312.782094 2494.577384 2669.943713 2881.633627 2956.141600 3368.925621 3626.683005 4039.161380 4492.720585 4632.355836 4887.599004 5739.821734 6837.430622 7253.461827 8014.768402 8082.238532 8377.270327 9680.756121 10691.65818 11371.07132 12488.63901 12718.28426 13142.24637 13418.15447 15709.42256 19193.44384 1551748.804 156239888.2
