    unsorted:	 96.38285597 96.38285597 96.38285597 96.38285597 96.38285597 96.38285597 96.38285597 96.38285597 96.38285597 96.38285597 96.42324686 96.42431016 96.42489118 96.42558573 96.42219908 96.42656759 96.42148887 96.42751986 96.42842635 96.42930029 96.42940828 96.43016231 96.42053585 96.43103059 96.41936112 96.43191007 96.43220196 96.43279562 96.43362106 96.43359568 96.43404479 96.41833688 96.41759584 96.41648406 96.41520462 96.41389753 96.41259452 96.41131623 96.41010392 96.40910143 96.40829075 96.40724515 96.40608624 96.40491977 96.40376740 96.40260393 96.39768077 96.39082596 96.38756623 96.38512937 96.37542440 96.37244486 96.36786121 96.36582524 96.46353089 96.35648019 96.50177153 96.51143358 96.55723483 96.57350116 96.59002403 96.59986053 96.23059126 96.63066237 96.11289396 96.03405037 95.99121799 96.83281911 95.86883396 95.80274267 95.75847259 95.65805207 95.58834566 97.37388180 95.31225921 97.53667161 97.91459126 98.19490751 98.36005301 98.53885049 94.50692584 98.71030296 92.65946700 90.16457888 102.9539665 105.3792315 87.78087414 86.03628186 109.5358175 112.0409567 82.10029903 114.6227095 115.8209973 123.5399951 132.6885142 161.9771882 177.3283315 2.101374064 274.8752681 409.7480292 22426.58587 32539.08499 251938223.7
      sorted:	 2.101374064 82.10029903 86.03628186 87.78087414 90.16457888 92.65946700 94.50692584 95.31225921 95.58834566 95.65805207 95.75847259 95.80274267 95.86883396 95.99121799 96.03405037 96.11289396 96.23059126 96.35648019 96.36582524 96.36786121 96.37244486 96.37542440 96.38285597 96.38285597 96.38285597 96.38285597 96.38285597 96.38285597 96.38285597 96.38285597 96.38285597 96.38285597 96.38512937 96.38756623 96.39082596 96.39768077 96.40260393 96.40376740 96.40491977 96.40608624 96.40724515 96.40829075 96.40910143 96.41010392 96.41131623 96.41259452 96.41389753 96.41520462 96.41648406 96.41759584 96.41833688 96.41936112 96.42053585 96.42148887 96.42219908 96.42324686 96.42431016 96.42489118 96.42558573 96.42656759 96.42751986 96.42842635 96.42930029 96.42940828 96.43016231 96.43103059 96.43191007 96.43220196 96.43279562 96.43359568 96.43362106 96.43404479 96.46353089 96.50177153 96.51143358 96.55723483 96.57350116 96.59002403 96.59986053 96.63066237 96.83281911 97.37388180 97.53667161 97.91459126 98.19490751 98.36005301 98.53885049 98.71030296 102.9539665 105.3792315 109.5358175 112.0409567 114.6227095 115.8209973 123.5399951 132.6885142 161.9771882 177.3283315 274.8752681 409.7480292 22426.58587 32539.08499 251938223.7
