    unsorted:	 96.38285597 96.38285597 96.38285597 96.38285597 96.38285597 96.38285597 96.38285597 96.38285597 96.38285597 96.38285597 97.19954271 97.19392272 97.19139465 97.18927291 97.20559659 97.20970802 97.21686591 97.21930504 97.22449049 97.22823250 97.23150730 97.23465582 97.23657875 97.23799587 97.17438143 97.15587879 97.13594018 97.11490837 97.09335544 97.26986246 97.07142707 97.04942625 97.02744845 97.00602024 96.98011461 96.91352363 96.95773853 96.93557495 96.91109788 96.89144934 96.86952761 96.84777131 96.82625808 96.80506434 96.78425659 96.76389138 96.74402428 96.72470320 96.70597585 96.68788971 96.65410491 96.65331059 96.67048786 96.63788107 96.63669651 96.62259360 96.62087516 96.60807937 96.60592141 96.59429357 96.59180606 96.57848241 96.56586926 96.55384366 97.34798806 97.45619176 97.48506667 96.33387553 97.59609819 97.73396483 97.76873338 97.79245551 97.85795471 97.89597027 96.05370225 98.57194170 94.97204876 94.03260499 93.74532963 100.4501959 92.90752060 92.09655486 101.8362499 91.18405327 90.52108354 90.01225548 104.1090544 89.33284622 104.9449113 106.0437069 85.08992288 84.54792164 80.02251403 118.2389720 71.34900710 133.2969958 140.4166397 141.2320408 142.5514259 147.9680139 55.59910238 159.6032271 163.1336172 34.62551705 177.9896817 192.9267587 216.4958951 235.1793564 278.9941598 302.6547565 324.8467472 481.4722014 646.9857487 779.2644337 1046.642571 1224.155972 1717.631946 1805.783231 4402.473006 16639.69755 166314.2007 2430537.133
      sorted:	 34.62551705 55.59910238 71.34900710 80.02251403 84.54792164 85.08992288 89.33284622 90.01225548 90.52108354 91.18405327 92.09655486 92.90752060 93.74532963 94.03260499 94.97204876 96.05370225 96.33387553 96.38285597 96.38285597 96.38285597 96.38285597 96.38285597 96.38285597 96.38285597 96.38285597 96.38285597 96.38285597 96.55384366 96.56586926 96.57848241 96.59180606 96.59429357 96.60592141 96.60807937 96.62087516 96.62259360 96.63669651 96.63788107 96.65331059 96.65410491 96.67048786 96.68788971 96.70597585 96.72470320 96.74402428 96.76389138 96.78425659 96.80506434 96.82625808 96.84777131 96.86952761 96.89144934 96.91109788 96.91352363 96.93557495 96.95773853 96.98011461 97.00602024 97.02744845 97.04942625 97.07142707 97.09335544 97.11490837 97.13594018 97.15587879 97.17438143 97.18927291 97.19139465 97.19392272 97.19954271 97.20559659 97.20970802 97.21686591 97.21930504 97.22449049 97.22823250 97.23150730 97.23465582 97.23657875 97.23799587 97.26986246 97.34798806 97.45619176 97.48506667 97.59609819 97.73396483 97.76873338 97.79245551 97.85795471 97.89597027 98.57194170 100.4501959 101.8362499 104.1090544 104.9449113 106.0437069 118.2389720 133.2969958 140.4166397 141.2320408 142.5514259 147.9680139 159.6032271 163.1336172 177.9896817 192.9267587 216.4958951 235.1793564 278.9941598 302.6547565 324.8467472 481.4722014 646.9857487 779.2644337 1046.642571 1224.155972 1717.631946 1805.783231 4402.473006 16639.69755 166314.2007 2430537.133
