    unsorted:	 96.38285597 96.38285597 96.38285597 96.38285597 96.38285597 96.38285597 96.38285597 96.38285597 96.38285597 96.38285597 96.63792138 96.64938640 96.66210255 96.62544971 96.67691930 96.61232775 96.69307689 96.59937796 96.58676796 96.57470397 96.56321943 96.55232223 96.55097689 96.54196316 96.53214377 96.71014405 96.52279452 96.72793077 96.51380987 96.74631514 96.76517835 96.78435911 96.80354781 96.82176273 96.83607692 96.84985983 96.86790397 96.88732347 96.90696818 96.92643379 96.94296732 96.95003833 96.98136581 96.99657313 97.01051078 97.02714585 97.04507135 97.06316365 97.08074419 97.09668699 97.11010790 97.12433691 97.14044635 97.15691788 97.17166038 96.46939848 97.18251336 97.19527272 97.20872777 97.21705116 97.22513605 97.23172993 97.23497815 96.40339390 96.34661193 97.29880883 96.11793642 96.09371585 95.91956567 95.84366292 95.74130379 98.15636060 98.33431800 98.63135715 94.69707166 99.65315826 100.1923018 92.89855372 101.6307262 102.0159632 103.2640968 103.7817204 104.2070291 89.96738511 105.2346644 107.1748058 87.08255550 85.84964674 110.9476087 112.6903727 76.97421853 123.3541288 126.2648266 130.7840754 131.4047412 66.58573700 140.9493483 55.10991720 146.3383252 149.5811995 42.80409029 160.8090638 30.75656910 169.7775408 19.87547701 182.9652385 200.4071173 227.1816935 258.7181109 304.8863245 337.1019420 385.1282160 481.6720464 659.9354413 932.7176173 1088.715741 1198.367658 1925.642445 2522.991876 16620.17357 171051.1271 3237111.256
      sorted:	 19.87547701 30.75656910 42.80409029 55.10991720 66.58573700 76.97421853 85.84964674 87.08255550 89.96738511 92.89855372 94.69707166 95.74130379 95.84366292 95.91956567 96.09371585 96.11793642 96.34661193 96.38285597 96.38285597 96.38285597 96.38285597 96.38285597 96.38285597 96.38285597 96.38285597 96.38285597 96.38285597 96.40339390 96.46939848 96.51380987 96.52279452 96.53214377 96.54196316 96.55097689 96.55232223 96.56321943 96.57470397 96.58676796 96.59937796 96.61232775 96.62544971 96.63792138 96.64938640 96.66210255 96.67691930 96.69307689 96.71014405 96.72793077 96.74631514 96.76517835 96.78435911 96.80354781 96.82176273 96.83607692 96.84985983 96.86790397 96.88732347 96.90696818 96.92643379 96.94296732 96.95003833 96.98136581 96.99657313 97.01051078 97.02714585 97.04507135 97.06316365 97.08074419 97.09668699 97.11010790 97.12433691 97.14044635 97.15691788 97.17166038 97.18251336 97.19527272 97.20872777 97.21705116 97.22513605 97.23172993 97.23497815 97.29880883 98.15636060 98.33431800 98.63135715 99.65315826 100.1923018 101.6307262 102.0159632 103.2640968 103.7817204 104.2070291 105.2346644 107.1748058 110.9476087 112.6903727 123.3541288 126.2648266 130.7840754 131.4047412 140.9493483 146.3383252 149.5811995 160.8090638 169.7775408 182.9652385 200.4071173 227.1816935 258.7181109 304.8863245 337.1019420 385.1282160 481.6720464 659.9354413 932.7176173 1088.715741 1198.367658 1925.642445 2522.991876 16620.17357 171051.1271 3237111.256
