    unsorted:	 96.38285597 96.38285597 96.38285597 96.38285597 96.38285597 96.38285597 96.38285597 96.38285597 96.38285597 96.38285597 88.10785668 89.33587894 86.68302767 90.39312790 85.02668993 91.30157316 83.09035629 80.81199302 78.12350039 74.96294094 71.31633486 70.78818089 67.24522339 63.84677504 60.74403049 61.24696875 56.29432025 51.85984406 47.48410682 42.69074806 38.89688607 36.13891117 128.2248563 141.9135350 196.5750085 337.3443369 380.3927068 408.9316995 605.4335996 565.9689073 558.5357995 639.1333421 727.3855441 741.1753277 705.0951207 795.2242799 812.6652973 854.6061784 891.3578146 912.0136703 939.8214964 1009.350902 1007.998735 1066.503702 1085.259195 1237.203856 1318.385191 1344.618540 1403.908086 1428.449206 1466.395428 1498.334678 1526.869613 1626.644774 1709.734371 1744.081680 1734.528713 1822.572953 1947.683966 1951.665010 1935.918813 2043.507798 2107.502457 2233.832124 2340.906317 2459.303554 2533.396816 2664.926300 2870.109394 2876.787106 2851.654291 3054.369471 3159.258654 3222.158468 3375.650362 3474.448579 3558.132988 4170.061632 4230.775911 4931.309129 5066.497395 5358.112405 5569.050812 5659.033026 6082.315829 6381.286074 6465.509588 6708.687457 6824.196450 7020.600539 7131.426498 7496.328962 8100.741690 8147.818027 9421.029843 9897.310293 10168.61932 10584.60925 11274.11189 11763.38284 12234.16266 12438.60969 13053.26956 13951.01408 15356.01214 15693.81241 16710.33228 17525.57741 18838.69225 19958.87995 20163.87292 22473.87838 24026.48112 24146.19423 27265.24437 29124.53964 32510.99908 34208.46496 39341.92167 41648.21677 43182.59499 46033.55895 48330.46913 53324.47967 59443.02165 61851.54988 64380.22138 71246.86707 83710.77713 123811.4242 9626688.196 846230290.0
      sorted:	 36.13891117 38.89688607 42.69074806 47.48410682 51.85984406 56.29432025 60.74403049 61.24696875 63.84677504 67.24522339 70.78818089 71.31633486 74.96294094 78.12350039 80.81199302 83.09035629 85.02668993 86.68302767 88.10785668 89.33587894 90.39312790 91.30157316 96.38285597 96.38285597 96.38285597 96.38285597 96.38285597 96.38285597 96.38285597 96.38285597 96.38285597 96.38285597 128.2248563 141.9135350 196.5750085 337.3443369 380.3927068 408.9316995 558.5357995 565.9689073 605.4335996 639.1333421 705.0951207 727.3855441 741.1753277 795.2242799 812.6652973 854.6061784 891.3578146 912.0136703 939.8214964 1007.998735 1009.350902 1066.503702 1085.259195 1237.203856 1318.385191 1344.618540 1403.908086 1428.449206 1466.395428 1498.334678 1526.869613 1626.644774 1709.734371 1734.528713 1744.081680 1822.572953 1935.918813 1947.683966 1951.665010 2043.507798 2107.502457 2233.832124 2340.906317 2459.303554 2533.396816 2664.926300 2851.654291 2870.109394 2876.787106 3054.369471 3159.258654 3222.158468 3375.650362 3474.448579 3558.132988 4170.061632 4230.775911 4931.309129 5066.497395 5358.112405 5569.050812 5659.033026 6082.315829 6381.286074 6465.509588 6708.687457 6824.196450 7020.600539 7131.426498 7496.328962 8100.741690 8147.818027 9421.029843 9897.310293 10168.61932 10584.60925 11274.11189 11763.38284 12234.16266 12438.60969 13053.26956 13951.01408 15356.01214 15693.81241 16710.33228 17525.57741 18838.69225 19958.87995 20163.87292 22473.87838 24026.48112 24146.19423 27265.24437 29124.53964 32510.99908 34208.46496 39341.92167 41648.21677 43182.59499 46033.55895 48330.46913 53324.47967 59443.02165 61851.54988 64380.22138 71246.86707 83710.77713 123811.4242 9626688.196 846230290.0
