    unsorted:	 96.38285597 96.38285597 96.38285597 96.38285597 96.38285597 96.38285597 96.38285597 96.38285597 96.38285597 96.38285597 96.25919635 96.24997104 96.24367625 96.23445612 96.26867610 96.27568669 96.27928921 96.28141574 96.28639993 96.22116964 96.20498738 96.18594265 96.17761239 96.14511547 96.12701240 96.12321133 96.11523029 96.30965603 96.08736988 96.05976088 96.03333578 95.99799521 96.01168987 95.97991060 95.96502280 95.94780153 95.93218845 95.91545982 95.89929093 95.88293285 95.86663009 95.85093056 95.83556700 95.82142662 95.80849552 95.79733694 95.78784506 95.77976666 95.77248786 95.76675538 95.76307237 95.76239619 96.37898840 96.63664083 96.66053536 95.62679620 96.91573693 97.27696036 97.67787197 93.89992425 90.44527713 86.96940383 107.2912206 108.9898401 75.07406993 142.5736451 163.7092055 186.5877629 208.5244962 219.4249526 247.3634453 270.8107607 344.4474314 569.0648502 638.4920621 949.9071563 1114.965941 1164.568926 1633.242507 33195.92376 45803.52780 4450310.386
      sorted:	 75.07406993 86.96940383 90.44527713 93.89992425 95.62679620 95.76239619 95.76307237 95.76675538 95.77248786 95.77976666 95.78784506 95.79733694 95.80849552 95.82142662 95.83556700 95.85093056 95.86663009 95.88293285 95.89929093 95.91545982 95.93218845 95.94780153 95.96502280 95.97991060 95.99799521 96.01168987 96.03333578 96.05976088 96.08736988 96.11523029 96.12321133 96.12701240 96.14511547 96.17761239 96.18594265 96.20498738 96.22116964 96.23445612 96.24367625 96.24997104 96.25919635 96.26867610 96.27568669 96.27928921 96.28141574 96.28639993 96.30965603 96.37898840 96.38285597 96.38285597 96.38285597 96.38285597 96.38285597 96.38285597 96.38285597 96.38285597 96.38285597 96.38285597 96.63664083 96.66053536 96.91573693 97.27696036 97.67787197 107.2912206 108.9898401 142.5736451 163.7092055 186.5877629 208.5244962 219.4249526 247.3634453 270.8107607 344.4474314 569.0648502 638.4920621 949.9071563 1114.965941 1164.568926 1633.242507 33195.92376 45803.52780 4450310.386
