    unsorted:	 96.38285597 96.38285597 96.38285597 96.38285597 96.38285597 96.38285597 96.38285597 96.38285597 96.38285597 96.38285597 96.45720773 96.45629218 96.45674833 96.45560567 96.45816630 96.45902178 96.46008417 96.46240574 96.46311943 96.45269578 96.46622999 96.46957724 96.47088679 96.44658570 96.48212667 96.43669329 96.43134241 96.49047713 96.49828006 96.42027600 96.40435826 96.52049463 96.37533358 96.54741758 96.57517268 96.34394285 96.60363828 96.63378890 96.66833898 96.71216971 96.76618496 96.82765830 96.19052704 96.88999391 96.95142389 97.01957145 97.10215252 97.19754702 97.29726031 97.39107707 97.47295298 97.54131050 97.58689665 97.61434904 97.63759674 97.64597763 95.67122900 95.61297212 95.31432911 94.38991544 92.59010766 100.1029481 91.45961765 90.61808740 101.7259133 79.70940029 159.9467144 210.3837138 423.8193472 562.0401522 811.8398491 40975.45520 24188.94008 20250707.09
      sorted:	 79.70940029 90.61808740 91.45961765 92.59010766 94.38991544 95.31432911 95.61297212 95.67122900 96.19052704 96.34394285 96.37533358 96.38285597 96.38285597 96.38285597 96.38285597 96.38285597 96.38285597 96.38285597 96.38285597 96.38285597 96.38285597 96.40435826 96.42027600 96.43134241 96.43669329 96.44658570 96.45269578 96.45560567 96.45629218 96.45674833 96.45720773 96.45816630 96.45902178 96.46008417 96.46240574 96.46311943 96.46622999 96.46957724 96.47088679 96.48212667 96.49047713 96.49828006 96.52049463 96.54741758 96.57517268 96.60363828 96.63378890 96.66833898 96.71216971 96.76618496 96.82765830 96.88999391 96.95142389 97.01957145 97.10215252 97.19754702 97.29726031 97.39107707 97.47295298 97.54131050 97.58689665 97.61434904 97.63759674 97.64597763 100.1029481 101.7259133 159.9467144 210.3837138 423.8193472 562.0401522 811.8398491 24188.94008 40975.45520 20250707.09
