    unsorted:	 96.38285597 96.38285597 96.38285597 96.38285597 96.38285597 96.38285597 96.38285597 96.38285597 96.38285597 96.38285597 96.23773078 96.23854010 96.23583707 96.23062161 96.23134251 96.24238188 96.24400133 96.24538173 96.24627539 96.22213679 96.22279445 96.25247190 96.21179273 96.21074602 96.20081727 96.19904116 96.19372329 96.19007970 96.17980780 96.16994623 96.16245249 96.16016157 96.15392222 96.14816093 96.14234989 96.13737575 96.13264865 96.12864854 96.12501960 96.12183235 96.11873427 96.11609394 96.11382242 96.11397912 96.27716167 96.28500171 96.35507282 96.39902917 96.64594949 96.70333910 96.74449615 95.90466103 97.12937132 97.41681880 98.05537527 98.71588768 98.99469471 94.00049901 93.86088247 100.6619303 89.86968450 86.19301321 113.4698743 117.9041366 128.4214605 157.2367408 219.4948403 244.4079954 580.2944071 1334.314296 14578.20597 44042.55310 105634.5521
      sorted:	 86.19301321 89.86968450 93.86088247 94.00049901 95.90466103 96.11382242 96.11397912 96.11609394 96.11873427 96.12183235 96.12501960 96.12864854 96.13264865 96.13737575 96.14234989 96.14816093 96.15392222 96.16016157 96.16245249 96.16994623 96.17980780 96.19007970 96.19372329 96.19904116 96.20081727 96.21074602 96.21179273 96.22213679 96.22279445 96.23062161 96.23134251 96.23583707 96.23773078 96.23854010 96.24238188 96.24400133 96.24538173 96.24627539 96.25247190 96.27716167 96.28500171 96.35507282 96.38285597 96.38285597 96.38285597 96.38285597 96.38285597 96.38285597 96.38285597 96.38285597 96.38285597 96.38285597 96.39902917 96.64594949 96.70333910 96.74449615 97.12937132 97.41681880 98.05537527 98.71588768 98.99469471 100.6619303 113.4698743 117.9041366 128.4214605 157.2367408 219.4948403 244.4079954 580.2944071 1334.314296 14578.20597 44042.55310 105634.5521
