    unsorted:	 96.38285597 96.38285597 96.38285597 96.38285597 96.38285597 96.38285597 96.38285597 96.38285597 96.38285597 96.38285597 96.36592354 96.36656113 96.36530099 96.36724958 96.36467022 96.36797902 96.36869045 96.36941560 96.36401773 96.37019343 96.36335341 96.37059319 96.37103379 96.37188264 96.36265361 96.37278713 96.36188657 96.36106682 96.35969621 96.36027920 96.35930071 96.35883479 96.35847678 96.35815805 96.35794113 96.35801572 96.37411039 96.37466322 96.37573791 96.37612256 96.37633599 96.37668129 96.37695286 96.37850105 96.38108589 96.38360983 96.39020484 96.39344321 96.40001792 96.40695723 96.41083083 96.31849195 96.25115835 96.22245810 96.56384817 96.14100056 95.91142255 96.99831915 95.54036388 97.81169321 98.97449188 100.7474237 103.8174041 111.4108808 80.14579925 134.3640381 143.5995277 240.1889025 383.4129630 614.8675394 17383.42087 44005.99675 11442683.96
      sorted:	 80.14579925 95.54036388 95.91142255 96.14100056 96.22245810 96.25115835 96.31849195 96.35794113 96.35801572 96.35815805 96.35847678 96.35883479 96.35930071 96.35969621 96.36027920 96.36106682 96.36188657 96.36265361 96.36335341 96.36401773 96.36467022 96.36530099 96.36592354 96.36656113 96.36724958 96.36797902 96.36869045 96.36941560 96.37019343 96.37059319 96.37103379 96.37188264 96.37278713 96.37411039 96.37466322 96.37573791 96.37612256 96.37633599 96.37668129 96.37695286 96.37850105 96.38108589 96.38285597 96.38285597 96.38285597 96.38285597 96.38285597 96.38285597 96.38285597 96.38285597 96.38285597 96.38285597 96.38360983 96.39020484 96.39344321 96.40001792 96.40695723 96.41083083 96.56384817 96.99831915 97.81169321 98.97449188 100.7474237 103.8174041 111.4108808 134.3640381 143.5995277 240.1889025 383.4129630 614.8675394 17383.42087 44005.99675 11442683.96
