    unsorted:	 96.38285597 96.38285597 96.38285597 96.38285597 96.38285597 96.38285597 96.38285597 96.38285597 96.38285597 96.38285597 242.6465413 243.6841295 245.0669032 237.0197418 235.5735996 226.5345118 224.7768219 229.4199407 211.9555654 212.3185633 202.8234996 197.7691278 195.3339506 189.4585071 183.6204803 182.9399546 174.1809987 170.6881435 168.3107602 166.9017587 256.1570781 265.6503812 268.0380873 275.8957568 279.9105296 285.6147325 148.0639029 142.6531258 298.0981807 301.9473532 309.2931829 124.7716118 118.2516442 82.69302101 85.76647888 79.25313963 76.04192110 73.92232861 92.12331925 69.98183448 65.31455229 59.19122330 60.52014935 55.40386315 51.37613705 50.91864795 48.85754728 46.41666857 45.49792694 42.21106531 39.87198340 39.35714584 37.39968296 326.2300686 337.0627936 334.0330302 379.6435487 387.2087805 407.4988894 414.4784079 441.3626637 465.3430095 477.6700540 493.2843637 516.8451799 523.3522381 530.8696744 553.5031197 573.1991571 593.4632344 633.2534861 637.0601787 740.5578254 774.0249408 815.3001233 846.5203769 895.3806784 994.5974963 1008.163184 1043.632752 1084.022874 1124.578101 1238.638410 1285.590236 1274.673159 1522.427315 1597.873389 1671.367112 1741.647563 1847.159117 1962.019251 2099.280712 2418.838814 2493.984559 2563.355400 2879.225320 3101.160330 3251.549069 3391.938544 3414.277158 3944.709277 4285.146294 4852.353114 5829.082089 5883.631250 6951.084228 7610.841679 7750.562098 8790.135827 9748.037367 10044.62806 12023.47805 12922.30654 16065.84680 15988.54831 16935.70520 19103.20058 22315.81773 26596.33127 28346.27159 32368.45649 35336.62013 41746.54185 43393.39790 51245.21148 57168.56885 58842.84045 61256.70283 71497.74510 150790.7671 10641624.91 100994881.6
      sorted:	 37.39968296 39.35714584 39.87198340 42.21106531 45.49792694 46.41666857 48.85754728 50.91864795 51.37613705 55.40386315 59.19122330 60.52014935 65.31455229 69.98183448 73.92232861 76.04192110 79.25313963 82.69302101 85.76647888 92.12331925 96.38285597 96.38285597 96.38285597 96.38285597 96.38285597 96.38285597 96.38285597 96.38285597 96.38285597 96.38285597 118.2516442 124.7716118 142.6531258 148.0639029 166.9017587 168.3107602 170.6881435 174.1809987 182.9399546 183.6204803 189.4585071 195.3339506 197.7691278 202.8234996 211.9555654 212.3185633 224.7768219 226.5345118 229.4199407 235.5735996 237.0197418 242.6465413 243.6841295 245.0669032 256.1570781 265.6503812 268.0380873 275.8957568 279.9105296 285.6147325 298.0981807 301.9473532 309.2931829 326.2300686 334.0330302 337.0627936 379.6435487 387.2087805 407.4988894 414.4784079 441.3626637 465.3430095 477.6700540 493.2843637 516.8451799 523.3522381 530.8696744 553.5031197 573.1991571 593.4632344 633.2534861 637.0601787 740.5578254 774.0249408 815.3001233 846.5203769 895.3806784 994.5974963 1008.163184 1043.632752 1084.022874 1124.578101 1238.638410 1274.673159 1285.590236 1522.427315 1597.873389 1671.367112 1741.647563 1847.159117 1962.019251 2099.280712 2418.838814 2493.984559 2563.355400 2879.225320 3101.160330 3251.549069 3391.938544 3414.277158 3944.709277 4285.146294 4852.353114 5829.082089 5883.631250 6951.084228 7610.841679 7750.562098 8790.135827 9748.037367 10044.62806 12023.47805 12922.30654 15988.54831 16065.84680 16935.70520 19103.20058 22315.81773 26596.33127 28346.27159 32368.45649 35336.62013 41746.54185 43393.39790 51245.21148 57168.56885 58842.84045 61256.70283 71497.74510 150790.7671 10641624.91 100994881.6
