    unsorted:	 96.38285597 96.38285597 96.38285597 96.38285597 96.38285597 96.38285597 96.38285597 96.38285597 96.38285597 96.38285597 168.3798181 169.7860875 171.5090332 172.3513554 163.8856516 162.3559856 157.6857660 150.9534266 147.2366109 143.5288675 183.0316814 186.0050009 135.9501407 128.2980387 124.2640474 120.8372184 119.9460929 113.6772300 107.0975434 101.2073734 98.05001658 96.10343980 225.3760935 229.9137573 230.8741611 238.9896348 288.8229331 290.8435633 283.2881822 299.1502122 262.1718945 307.6343052 312.4542148 326.8079116 348.4923629 338.9595621 342.9348921 354.7427255 372.5447597 382.1919256 396.6809424 400.8275575 407.0341663 412.8933417 423.0669221 423.9502212 430.2822240 435.0302888 454.2983794 461.1844295 481.5755984 482.4698853 65.78222001 506.8220308 523.5136722 532.9990101 543.9448329 45.40769564 565.3560651 583.5242906 606.3118501 0.1180999153 628.9822946 639.3057117 689.4503095 720.5557930 731.2903911 737.7569770 780.2652410 812.3605635 831.3783593 854.4705761 918.4175514 943.0510150 958.9457402 1004.593142 1025.301662 1042.539507 1093.728789 1162.360124 1210.015451 1440.766947 1562.192879 1628.052249 1609.774200 1638.316896 1727.941756 1868.758840 1889.706508 1936.928036 2166.520547 2278.845575 2592.292458 2777.864039 2825.349649 3006.468116 3180.267497 3474.814732 3623.479309 3788.382649 4348.153448 4411.934649 4621.772216 4669.341390 5257.096450 5454.841644 6162.355144 6719.414077 6949.591409 7706.365776 7783.709056 8286.761740 8551.641559 9575.612872 10416.89385 11038.15994 12536.10263 12453.73594 13061.45033 13762.05999 15345.31216 16420.37329 17048.37566 17374.45535 18181.33004 18977.10752 19745.31595 23017.40103 38587.42667 39589.27953 211558.5804 4166449.362
      sorted:	 0.1180999153 45.40769564 65.78222001 96.10343980 96.38285597 96.38285597 96.38285597 96.38285597 96.38285597 96.38285597 96.38285597 96.38285597 96.38285597 96.38285597 98.05001658 101.2073734 107.0975434 113.6772300 119.9460929 120.8372184 124.2640474 128.2980387 135.9501407 143.5288675 147.2366109 150.9534266 157.6857660 162.3559856 163.8856516 168.3798181 169.7860875 171.5090332 172.3513554 183.0316814 186.0050009 225.3760935 229.9137573 230.8741611 238.9896348 262.1718945 283.2881822 288.8229331 290.8435633 299.1502122 307.6343052 312.4542148 326.8079116 338.9595621 342.9348921 348.4923629 354.7427255 372.5447597 382.1919256 396.6809424 400.8275575 407.0341663 412.8933417 423.0669221 423.9502212 430.2822240 435.0302888 454.2983794 461.1844295 481.5755984 482.4698853 506.8220308 523.5136722 532.9990101 543.9448329 565.3560651 583.5242906 606.3118501 628.9822946 639.3057117 689.4503095 720.5557930 731.2903911 737.7569770 780.2652410 812.3605635 831.3783593 854.4705761 918.4175514 943.0510150 958.9457402 1004.593142 1025.301662 1042.539507 1093.728789 1162.360124 1210.015451 1440.766947 1562.192879 1609.774200 1628.052249 1638.316896 1727.941756 1868.758840 1889.706508 1936.928036 2166.520547 2278.845575 2592.292458 2777.864039 2825.349649 3006.468116 3180.267497 3474.814732 3623.479309 3788.382649 4348.153448 4411.934649 4621.772216 4669.341390 5257.096450 5454.841644 6162.355144 6719.414077 6949.591409 7706.365776 7783.709056 8286.761740 8551.641559 9575.612872 10416.89385 11038.15994 12453.73594 12536.10263 13061.45033 13762.05999 15345.31216 16420.37329 17048.37566 17374.45535 18181.33004 18977.10752 19745.31595 23017.40103 38587.42667 39589.27953 211558.5804 4166449.362
