    unsorted:	 96.38285597 96.38285597 96.38285597 96.38285597 96.38285597 96.38285597 96.38285597 96.38285597 96.38285597 96.38285597 96.34771446 96.34699788 96.34984978 96.35273660 96.35639714 96.36019281 96.36180753 96.36294359 96.36415588 96.36749303 96.36954381 96.34131430 96.33498993 96.33000240 96.32911412 96.37546223 96.32331085 96.32018196 96.38358728 96.31632381 96.30737995 96.39065467 96.29650512 96.28489136 96.27386630 96.26357554 96.40688069 96.25266831 96.23884508 96.22160921 96.20258635 96.18383796 96.45161106 96.16640738 96.15081963 96.12490794 96.12448744 96.12704783 96.12973956 96.13818747 96.49189500 96.57891536 96.67459599 95.91630599 96.88934931 96.95190985 95.57684180 95.41513355 97.30866952 94.24515135 94.09592992 93.25368030 92.99583846 91.00754980 104.9767622 108.3765570 111.2234082 119.3943111 71.14230014 250.6903809 4617.075855 44054.90466 23495582.28
      sorted:	 71.14230014 91.00754980 92.99583846 93.25368030 94.09592992 94.24515135 95.41513355 95.57684180 95.91630599 96.12448744 96.12490794 96.12704783 96.12973956 96.13818747 96.15081963 96.16640738 96.18383796 96.20258635 96.22160921 96.23884508 96.25266831 96.26357554 96.27386630 96.28489136 96.29650512 96.30737995 96.31632381 96.32018196 96.32331085 96.32911412 96.33000240 96.33498993 96.34131430 96.34699788 96.34771446 96.34984978 96.35273660 96.35639714 96.36019281 96.36180753 96.36294359 96.36415588 96.36749303 96.36954381 96.37546223 96.38285597 96.38285597 96.38285597 96.38285597 96.38285597 96.38285597 96.38285597 96.38285597 96.38285597 96.38285597 96.38358728 96.39065467 96.40688069 96.45161106 96.49189500 96.57891536 96.67459599 96.88934931 96.95190985 97.30866952 104.9767622 108.3765570 111.2234082 119.3943111 250.6903809 4617.075855 44054.90466 23495582.28
