    unsorted:	 96.38285597 96.38285597 96.38285597 96.38285597 96.38285597 96.38285597 96.38285597 96.38285597 96.38285597 96.38285597 96.57621875 96.57153885 96.57888920 96.58416197 96.56627386 96.55936141 96.59184838 96.59720243 96.60532051 96.61081265 96.55404239 96.54770727 96.61955215 96.62520585 96.63449164 96.63550478 96.64069205 96.64968702 96.53758533 96.54251150 96.53604318 96.53090017 96.52630582 96.65678903 96.66485985 96.52127982 96.51805949 96.51486778 96.51304634 96.51042453 96.67339618 96.68000846 96.50606974 96.68955834 96.69533483 96.70460232 96.70636915 96.71126458 96.71907934 96.72673134 96.73315859 96.74183883 96.74039731 96.74728913 96.75622054 96.76130969 96.76970518 96.77493969 96.78224467 96.78757654 96.78893630 96.79387494 96.79945516 96.80422894 96.80947724 96.81316600 96.81729889 96.82058570 96.82163693 96.82322061 96.82615107 96.82860868 96.82729217 96.82925253 96.82996152 96.47073884 96.43700030 96.36502096 96.23304319 95.87489313 95.73859828 94.63340180 92.84224522 90.34974274 103.3798748 87.25997397 105.2855193 83.92634838 80.90392927 78.75936380 77.63035917 75.86189004 129.3423782 138.5046668 175.3928805 190.9185072 206.0087273 267.5261802 302.5257741 393.5804807 507.9098369 970.2856270 1527.916177 2534.932557 20153.03156 69134.86434 2345967.622
      sorted:	 75.86189004 77.63035917 78.75936380 80.90392927 83.92634838 87.25997397 90.34974274 92.84224522 94.63340180 95.73859828 95.87489313 96.23304319 96.36502096 96.38285597 96.38285597 96.38285597 96.38285597 96.38285597 96.38285597 96.38285597 96.38285597 96.38285597 96.38285597 96.43700030 96.47073884 96.50606974 96.51042453 96.51304634 96.51486778 96.51805949 96.52127982 96.52630582 96.53090017 96.53604318 96.53758533 96.54251150 96.54770727 96.55404239 96.55936141 96.56627386 96.57153885 96.57621875 96.57888920 96.58416197 96.59184838 96.59720243 96.60532051 96.61081265 96.61955215 96.62520585 96.63449164 96.63550478 96.64069205 96.64968702 96.65678903 96.66485985 96.67339618 96.68000846 96.68955834 96.69533483 96.70460232 96.70636915 96.71126458 96.71907934 96.72673134 96.73315859 96.74039731 96.74183883 96.74728913 96.75622054 96.76130969 96.76970518 96.77493969 96.78224467 96.78757654 96.78893630 96.79387494 96.79945516 96.80422894 96.80947724 96.81316600 96.81729889 96.82058570 96.82163693 96.82322061 96.82615107 96.82729217 96.82860868 96.82925253 96.82996152 103.3798748 105.2855193 129.3423782 138.5046668 175.3928805 190.9185072 206.0087273 267.5261802 302.5257741 393.5804807 507.9098369 970.2856270 1527.916177 2534.932557 20153.03156 69134.86434 2345967.622
