    unsorted:	 96.38285597 96.38285597 96.38285597 96.38285597 96.38285597 96.38285597 96.38285597 96.38285597 96.38285597 96.38285597 96.17870182 96.16961873 96.17436806 96.16460752 96.18347575 96.18761235 96.19096459 96.19594199 96.15911224 96.15321700 96.20159962 96.21284328 96.21093633 96.20815022 96.21458541 96.21504464 96.14720936 96.14083004 96.13465075 96.12839126 96.12230035 96.11637491 96.22662971 96.11075597 96.10555853 96.10086655 96.09667482 96.09310669 96.08881136 96.09040135 96.08848133 96.08578744 96.23748669 96.25296394 96.28744785 96.32130826 96.35845650 96.39007085 95.95536949 96.44973305 96.65099038 95.41681048 97.06393363 95.16341946 94.37780119 94.04121978 98.24847662 93.41091803 102.4751215 105.4092580 113.2046269 116.7334452 131.2557512 64.44032879 143.0378535 201.6751971 229.4588527 256.2984989 325.6640746 485.3759071 510.4018303 586.3321644 713.6752419 926.7093711 1436.658610 2555.131331 2703.426128 3467.901051 7334.112807 33140.90033 159772.4062 2318387.023
      sorted:	 64.44032879 93.41091803 94.04121978 94.37780119 95.16341946 95.41681048 95.95536949 96.08578744 96.08848133 96.08881136 96.09040135 96.09310669 96.09667482 96.10086655 96.10555853 96.11075597 96.11637491 96.12230035 96.12839126 96.13465075 96.14083004 96.14720936 96.15321700 96.15911224 96.16460752 96.16961873 96.17436806 96.17870182 96.18347575 96.18761235 96.19096459 96.19594199 96.20159962 96.20815022 96.21093633 96.21284328 96.21458541 96.21504464 96.22662971 96.23748669 96.25296394 96.28744785 96.32130826 96.35845650 96.38285597 96.38285597 96.38285597 96.38285597 96.38285597 96.38285597 96.38285597 96.38285597 96.38285597 96.38285597 96.39007085 96.44973305 96.65099038 97.06393363 98.24847662 102.4751215 105.4092580 113.2046269 116.7334452 131.2557512 143.0378535 201.6751971 229.4588527 256.2984989 325.6640746 485.3759071 510.4018303 586.3321644 713.6752419 926.7093711 1436.658610 2555.131331 2703.426128 3467.901051 7334.112807 33140.90033 159772.4062 2318387.023
