    unsorted:	 96.38285597 96.38285597 96.38285597 96.38285597 96.38285597 96.38285597 96.38285597 96.38285597 96.38285597 96.38285597 96.79004587 96.82288856 96.80736510 96.83998159 96.85602339 96.77501398 96.75727227 96.87275983 96.88094065 96.88901154 96.90488498 96.74288596 96.92028121 96.73737491 96.93440006 96.94736246 96.95844677 96.96794469 96.97597995 96.98318741 96.98882922 96.99243068 96.99307667 96.71802371 96.69068953 97.01879876 96.66241185 96.63319202 96.60409471 96.57117231 96.55080381 96.53337653 96.51964294 96.50920950 96.50648836 96.48955136 96.46617539 96.44032933 96.41315767 96.39715910 96.36367024 96.29550550 96.06531613 96.00733430 95.52305148 94.64298352 98.88735186 92.79711585 90.53303638 90.11189753 88.50889473 106.2270953 115.7587122 126.4691942 134.3386833 215.9554528 283.3939437 373.3812453 400.0932635 431.2925843 645.7464005 1041.076281 1347.747606 1477.165588 2340.534759 3366.599066 4195.098940 5334.024325 6021.117677 33176.48698 193167.1018 50549186.05
      sorted:	 88.50889473 90.11189753 90.53303638 92.79711585 94.64298352 95.52305148 96.00733430 96.06531613 96.29550550 96.36367024 96.38285597 96.38285597 96.38285597 96.38285597 96.38285597 96.38285597 96.38285597 96.38285597 96.38285597 96.38285597 96.39715910 96.41315767 96.44032933 96.46617539 96.48955136 96.50648836 96.50920950 96.51964294 96.53337653 96.55080381 96.57117231 96.60409471 96.63319202 96.66241185 96.69068953 96.71802371 96.73737491 96.74288596 96.75727227 96.77501398 96.79004587 96.80736510 96.82288856 96.83998159 96.85602339 96.87275983 96.88094065 96.88901154 96.90488498 96.92028121 96.93440006 96.94736246 96.95844677 96.96794469 96.97597995 96.98318741 96.98882922 96.99243068 96.99307667 97.01879876 98.88735186 106.2270953 115.7587122 126.4691942 134.3386833 215.9554528 283.3939437 373.3812453 400.0932635 431.2925843 645.7464005 1041.076281 1347.747606 1477.165588 2340.534759 3366.599066 4195.098940 5334.024325 6021.117677 33176.48698 193167.1018 50549186.05
