    unsorted:	 96.38285597 96.38285597 96.38285597 96.38285597 96.38285597 96.38285597 96.38285597 96.38285597 96.38285597 96.38285597 94.96230197 94.97652717 94.94804520 94.98974138 94.93239719 95.00772407 94.91242734 94.89250598 95.03072526 94.86955669 95.05600758 94.84675952 94.82220434 95.08246490 95.10105689 95.11930583 94.79811042 94.77303719 94.74908696 94.72491549 95.14795801 94.70191932 94.68017474 94.65861440 94.64030820 94.62367350 94.60768485 94.59616389 94.59178563 94.58673738 94.55951826 95.18143025 95.22133239 94.52621025 95.25870997 95.29046952 94.49965555 94.48601901 94.48069773 95.32764885 95.36963979 95.41107828 95.44783217 95.48129785 95.51864956 95.55849784 95.59755390 95.63378788 95.66733537 95.70159811 95.77496173 95.93749655 96.04236648 96.10978036 96.31378163 93.87743555 96.54917982 96.62998863 96.77860533 96.81051846 96.85594757 92.44725520 92.36855512 97.76495240 91.01616888 90.45206735 89.95714506 89.72057243 89.26432978 88.00127890 102.4679333 107.6917095 109.5164179 112.9704216 115.8581891 117.9050945 120.2186350 76.25040968 125.7901809 125.5014640 129.5429267 131.8390858 134.7471197 136.2950979 139.7138045 145.2034788 169.5799305 20.45299532 191.3287347 235.5976358 359.0296407 569.5709042 935.6604102 1482.281105 20888.21717 145261.2162 6205683.550
      sorted:	 20.45299532 76.25040968 88.00127890 89.26432978 89.72057243 89.95714506 90.45206735 91.01616888 92.36855512 92.44725520 93.87743555 94.48069773 94.48601901 94.49965555 94.52621025 94.55951826 94.58673738 94.59178563 94.59616389 94.60768485 94.62367350 94.64030820 94.65861440 94.68017474 94.70191932 94.72491549 94.74908696 94.77303719 94.79811042 94.82220434 94.84675952 94.86955669 94.89250598 94.91242734 94.93239719 94.94804520 94.96230197 94.97652717 94.98974138 95.00772407 95.03072526 95.05600758 95.08246490 95.10105689 95.11930583 95.14795801 95.18143025 95.22133239 95.25870997 95.29046952 95.32764885 95.36963979 95.41107828 95.44783217 95.48129785 95.51864956 95.55849784 95.59755390 95.63378788 95.66733537 95.70159811 95.77496173 95.93749655 96.04236648 96.10978036 96.31378163 96.38285597 96.38285597 96.38285597 96.38285597 96.38285597 96.38285597 96.38285597 96.38285597 96.38285597 96.38285597 96.54917982 96.62998863 96.77860533 96.81051846 96.85594757 97.76495240 102.4679333 107.6917095 109.5164179 112.9704216 115.8581891 117.9050945 120.2186350 125.5014640 125.7901809 129.5429267 131.8390858 134.7471197 136.2950979 139.7138045 145.2034788 169.5799305 191.3287347 235.5976358 359.0296407 569.5709042 935.6604102 1482.281105 20888.21717 145261.2162 6205683.550
