    unsorted:	 96.38285597 96.38285597 96.38285597 96.38285597 96.38285597 96.38285597 96.38285597 96.38285597 96.38285597 96.38285597 86.82844480 86.55645496 87.45649541 88.16965581 88.85174994 85.75838045 89.49498299 90.09415156 84.78422455 90.64662957 83.68595872 82.47331302 81.18186704 79.97166916 78.91766711 77.50082276 75.89143175 75.72335095 94.13855728 95.47261116 73.94737031 72.38927026 70.88655390 69.03545683 68.13069655 66.63797595 64.20596226 103.3426384 104.4344592 61.30691114 110.0560565 111.2650428 58.04659353 54.54836421 118.2449941 120.6973552 50.97765434 124.7492993 127.4525322 128.2365556 129.5463164 130.2158849 131.3646628 47.63620821 45.19271611 43.67544462 42.20813962 41.41551915 146.1543697 187.7221326 244.5162698 261.6339403 284.9248575 299.6495248 305.3012697 306.7681295 337.9999075 349.8812786 352.9089004 359.9334992 364.9209190 367.1024409 394.3743496 402.6271073 424.8992099 422.6058025 438.8842524 457.9761323 458.4706321 469.0034907 474.9166045 493.1417318 507.5598130 535.9459095 542.3049615 564.2808007 603.2972222 647.0568780 653.0606241 654.8508335 689.5089641 728.9704923 740.7092450 817.7519151 825.3060532 885.5525603 905.7122230 987.7045174 1051.102648 1116.214268 1136.131516 1227.365797 1280.238778 1289.588329 1455.514488 1581.626902 1616.993524 1701.527935 1744.603455 1800.532663 1822.269453 1887.278488 2066.631697 2205.786091 2453.339409 2493.708978 2690.134005 3084.694313 3108.626130 3155.930278 3216.286283 3369.229362 3639.365849 3850.580317 4067.580418 4306.832055 4521.416591 4766.796497 5092.665062 5207.574549 5604.455582 5780.756121 6018.900692 6109.854928 6616.133384 7992.265894 9269.005780 11223.65159 12766.95350 36104.06724 976889.5555 8054172.370
      sorted:	 41.41551915 42.20813962 43.67544462 45.19271611 47.63620821 50.97765434 54.54836421 58.04659353 61.30691114 64.20596226 66.63797595 68.13069655 69.03545683 70.88655390 72.38927026 73.94737031 75.72335095 75.89143175 77.50082276 78.91766711 79.97166916 81.18186704 82.47331302 83.68595872 84.78422455 85.75838045 86.55645496 86.82844480 87.45649541 88.16965581 88.85174994 89.49498299 90.09415156 90.64662957 94.13855728 95.47261116 96.38285597 96.38285597 96.38285597 96.38285597 96.38285597 96.38285597 96.38285597 96.38285597 96.38285597 96.38285597 103.3426384 104.4344592 110.0560565 111.2650428 118.2449941 120.6973552 124.7492993 127.4525322 128.2365556 129.5463164 130.2158849 131.3646628 146.1543697 187.7221326 244.5162698 261.6339403 284.9248575 299.6495248 305.3012697 306.7681295 337.9999075 349.8812786 352.9089004 359.9334992 364.9209190 367.1024409 394.3743496 402.6271073 422.6058025 424.8992099 438.8842524 457.9761323 458.4706321 469.0034907 474.9166045 493.1417318 507.5598130 535.9459095 542.3049615 564.2808007 603.2972222 647.0568780 653.0606241 654.8508335 689.5089641 728.9704923 740.7092450 817.7519151 825.3060532 885.5525603 905.7122230 987.7045174 1051.102648 1116.214268 1136.131516 1227.365797 1280.238778 1289.588329 1455.514488 1581.626902 1616.993524 1701.527935 1744.603455 1800.532663 1822.269453 1887.278488 2066.631697 2205.786091 2453.339409 2493.708978 2690.134005 3084.694313 3108.626130 3155.930278 3216.286283 3369.229362 3639.365849 3850.580317 4067.580418 4306.832055 4521.416591 4766.796497 5092.665062 5207.574549 5604.455582 5780.756121 6018.900692 6109.854928 6616.133384 7992.265894 9269.005780 11223.65159 12766.95350 36104.06724 976889.5555 8054172.370
