    unsorted:	 96.38285597 88.70480942 88.08800753 89.27886503 87.42995141 89.81130165 86.74581025 90.30567767 86.08804136 85.49088956 84.78164946 90.76861519 83.91730055 82.95084196 91.76839330 81.90533652 93.52153657 80.79639809 79.39375505 78.00547109 76.72717669 75.28289121 73.54861015 71.67825327 101.1597694 101.3244200 100.8519104 69.86136849 68.16866715 66.30176845 64.26405239 62.34618491 60.60336318 108.3170202 58.77455429 57.01969799 55.72579770 55.13472856 54.50628385 54.06213395 51.47791450 114.5440077 115.1318467 119.6648980 124.0698739 123.4628497 125.8868820 126.6077763 146.9108431 150.2622081 182.4607508 270.2525471 271.9904564 267.4638443 274.3326947 259.9346758 253.3041609 250.1089818 242.5726903 286.3993634 287.4229089 291.6481767 298.4373874 340.2113931 341.5445269 343.5588158 351.3324164 367.9920733 396.8421374 407.2497044 413.1943658 419.5366707 434.4958484 446.9417481 463.8686067 480.9018004 506.0777160 546.7535574 558.0485714 576.1142729 591.4132657 632.9929170 638.6445491 661.2119797 676.1752063 773.0545972 807.9770564 847.0017637 880.8663780 903.5068603 916.4519195 1075.956331 1083.108160 1140.472344 1248.421196 1284.604372 1309.023991 1376.275500 1432.233054 1534.462976 1603.330871 1641.901166 1713.333255 1990.167174 2287.918631 2336.804530 2414.689952 2669.092768 2719.990688 2866.898015 3031.234454 3211.621546 3287.353661 3391.171151 3907.278006 4208.561899 4419.771872 4541.749138 4626.719235 4888.247100 5238.301485 5775.676580 5962.900666 6159.046518 6566.314222 7540.824935 7691.367621 9361.597839 10849.92501 12735.34131 21216.51450 820429.6510 4383465.659
      sorted:	 51.47791450 54.06213395 54.50628385 55.13472856 55.72579770 57.01969799 58.77455429 60.60336318 62.34618491 64.26405239 66.30176845 68.16866715 69.86136849 71.67825327 73.54861015 75.28289121 76.72717669 78.00547109 79.39375505 80.79639809 81.90533652 82.95084196 83.91730055 84.78164946 85.49088956 86.08804136 86.74581025 87.42995141 88.08800753 88.70480942 89.27886503 89.81130165 90.30567767 90.76861519 91.76839330 93.52153657 96.38285597 100.8519104 101.1597694 101.3244200 108.3170202 114.5440077 115.1318467 119.6648980 123.4628497 124.0698739 125.8868820 126.6077763 146.9108431 150.2622081 182.4607508 242.5726903 250.1089818 253.3041609 259.9346758 267.4638443 270.2525471 271.9904564 274.3326947 286.3993634 287.4229089 291.6481767 298.4373874 340.2113931 341.5445269 343.5588158 351.3324164 367.9920733 396.8421374 407.2497044 413.1943658 419.5366707 434.4958484 446.9417481 463.8686067 480.9018004 506.0777160 546.7535574 558.0485714 576.1142729 591.4132657 632.9929170 638.6445491 661.2119797 676.1752063 773.0545972 807.9770564 847.0017637 880.8663780 903.5068603 916.4519195 1075.956331 1083.108160 1140.472344 1248.421196 1284.604372 1309.023991 1376.275500 1432.233054 1534.462976 1603.330871 1641.901166 1713.333255 1990.167174 2287.918631 2336.804530 2414.689952 2669.092768 2719.990688 2866.898015 3031.234454 3211.621546 3287.353661 3391.171151 3907.278006 4208.561899 4419.771872 4541.749138 4626.719235 4888.247100 5238.301485 5775.676580 5962.900666 6159.046518 6566.314222 7540.824935 7691.367621 9361.597839 10849.92501 12735.34131 21216.51450 820429.6510 4383465.659
