    unsorted:	 91.78438385 91.43096451 92.11049217 92.40890646 92.67870157 91.04965154 92.91786411 90.63994506 93.12986139 93.33051510 90.20211536 89.73825437 89.25447794 88.76410930 88.27531211 87.73003617 94.07444367 87.07806462 86.30078149 95.22834735 85.43433326 84.50098847 83.52885651 82.58731070 81.73015667 80.76758608 79.63307970 78.43234939 77.29587580 76.29742355 75.19788740 73.95953065 72.73778220 71.64285064 100.6474328 70.57013314 69.41139171 102.5369832 67.77430726 65.80419075 65.01778444 64.10713923 63.51264143 63.03063018 62.74764264 106.3018981 107.7324887 110.9179602 120.1663853 143.5508467 162.7753145 169.5628677 170.8471206 176.5005975 184.7205528 192.9048204 202.2240135 202.5059834 208.8765177 207.4815699 210.5978613 212.5297433 230.9024086 230.6090933 233.3203966 234.7198618 237.6927745 240.1110895 241.3327840 248.9767353 254.2381942 259.3623880 265.1825678 281.1553269 283.2143323 285.1154589 287.1120312 294.4922260 325.5384755 331.1479357 343.8692641 351.6214012 393.2884828 398.2778012 420.7740429 455.8413986 467.0930567 502.9224917 528.4030400 521.0758839 604.1561365 620.5707856 640.6684625 693.5795174 731.7596238 763.5536024 777.4610676 842.7703308 893.1184153 981.4479224 994.0699417 1027.568932 1135.953973 1163.622154 1258.169016 1313.875365 1489.332864 1669.146928 1821.664348 1861.846571 2014.034060 2130.536666 2371.441390 2712.733882 3626.943695 3685.910351 3991.908678 4527.818180 4860.759460 5641.535534 6284.627223 6916.858730 7629.697170 7942.665897 8486.631071 8614.586201 8979.657937 10941.50712 12636.67042 10421611.10 96.38285597 96.38285597 96.38285597 96.38285597 96.38285597 96.38285597 96.38285597 96.38285597 96.38285597 96.38285597
      sorted:	 62.74764264 63.03063018 63.51264143 64.10713923 65.01778444 65.80419075 67.77430726 69.41139171 70.57013314 71.64285064 72.73778220 73.95953065 75.19788740 76.29742355 77.29587580 78.43234939 79.63307970 80.76758608 81.73015667 82.58731070 83.52885651 84.50098847 85.43433326 86.30078149 87.07806462 87.73003617 88.27531211 88.76410930 89.25447794 89.73825437 90.20211536 90.63994506 91.04965154 91.43096451 91.78438385 92.11049217 92.40890646 92.67870157 92.91786411 93.12986139 93.33051510 94.07444367 95.22834735 96.38285597 96.38285597 96.38285597 96.38285597 96.38285597 96.38285597 96.38285597 96.38285597 96.38285597 96.38285597 100.6474328 102.5369832 106.3018981 107.7324887 110.9179602 120.1663853 143.5508467 162.7753145 169.5628677 170.8471206 176.5005975 184.7205528 192.9048204 202.2240135 202.5059834 207.4815699 208.8765177 210.5978613 212.5297433 230.6090933 230.9024086 233.3203966 234.7198618 237.6927745 240.1110895 241.3327840 248.9767353 254.2381942 259.3623880 265.1825678 281.1553269 283.2143323 285.1154589 287.1120312 294.4922260 325.5384755 331.1479357 343.8692641 351.6214012 393.2884828 398.2778012 420.7740429 455.8413986 467.0930567 502.9224917 521.0758839 528.4030400 604.1561365 620.5707856 640.6684625 693.5795174 731.7596238 763.5536024 777.4610676 842.7703308 893.1184153 981.4479224 994.0699417 1027.568932 1135.953973 1163.622154 1258.169016 1313.875365 1489.332864 1669.146928 1821.664348 1861.846571 2014.034060 2130.536666 2371.441390 2712.733882 3626.943695 3685.910351 3991.908678 4527.818180 4860.759460 5641.535534 6284.627223 6916.858730 7629.697170 7942.665897 8486.631071 8614.586201 8979.657937 10941.50712 12636.67042 10421611.10
