    unsorted:	 96.38285597 96.38285597 96.38285597 96.38285597 96.38285597 96.38285597 96.38285597 96.38285597 96.38285597 96.38285597 95.76491113 95.75707653 95.78558404 95.73494993 95.70649213 95.68098491 95.80644048 95.66268238 95.64980401 95.83633805 95.61051045 95.85735925 95.57148068 95.56242184 95.53643281 95.51062261 95.48785422 95.46310994 95.44176219 95.42144830 95.40282208 95.38524729 95.36862246 95.35299447 95.32838196 95.33902275 95.32080897 95.32185955 95.89004016 95.91924368 95.93850816 95.97246008 96.01017009 96.00700457 96.04591427 96.08378429 96.12711203 95.18962343 96.19320556 96.26483455 96.42403568 94.73474010 96.70745604 97.68015135 98.31907017 100.0058037 100.7917557 102.2434810 104.7985838 87.72087183 111.1039021 112.9868428 69.55553105 128.8361056 149.6419721 44.94586855 178.7068372 190.1074565 206.0449355 225.9156400 286.8233771 314.2476596 350.2913638 411.7461574 446.5076982 505.5716133 582.5571751 658.5722978 844.1876972 899.3847938 1006.776798 1251.835171 1452.762456 1614.853319 1990.351167 2135.987560 2935.762415 3491.418844 4495.081368 26126.32669 205254.0083 87167761.71
      sorted:	 44.94586855 69.55553105 87.72087183 94.73474010 95.18962343 95.32080897 95.32185955 95.32838196 95.33902275 95.35299447 95.36862246 95.38524729 95.40282208 95.42144830 95.44176219 95.46310994 95.48785422 95.51062261 95.53643281 95.56242184 95.57148068 95.61051045 95.64980401 95.66268238 95.68098491 95.70649213 95.73494993 95.75707653 95.76491113 95.78558404 95.80644048 95.83633805 95.85735925 95.89004016 95.91924368 95.93850816 95.97246008 96.00700457 96.01017009 96.04591427 96.08378429 96.12711203 96.19320556 96.26483455 96.38285597 96.38285597 96.38285597 96.38285597 96.38285597 96.38285597 96.38285597 96.38285597 96.38285597 96.38285597 96.42403568 96.70745604 97.68015135 98.31907017 100.0058037 100.7917557 102.2434810 104.7985838 111.1039021 112.9868428 128.8361056 149.6419721 178.7068372 190.1074565 206.0449355 225.9156400 286.8233771 314.2476596 350.2913638 411.7461574 446.5076982 505.5716133 582.5571751 658.5722978 844.1876972 899.3847938 1006.776798 1251.835171 1452.762456 1614.853319 1990.351167 2135.987560 2935.762415 3491.418844 4495.081368 26126.32669 205254.0083 87167761.71
