    unsorted:	 61.63056062 64.09272959 66.32044527 60.01362384 58.89885176 68.28832287 70.30214260 71.38803851 72.39247944 74.38306146 56.32476512 76.24979235 53.53950415 77.98685779 50.72467477 47.95972880 45.24908515 42.90645564 40.28658282 38.13362331 36.70199523 92.68653804 128.8921779 282.1386366 287.4023817 298.3791724 299.0880816 272.1962079 267.8273753 327.1866075 338.7229273 231.1406566 223.4745756 192.8726103 356.8252441 371.9288776 378.3727121 387.4025344 385.2937761 394.4509352 400.1237840 414.8376959 459.7466391 485.1600299 495.9772303 499.7569764 515.3685708 528.4667660 543.3921741 565.3777562 570.2327036 584.3517095 611.2832376 619.7107297 646.3564539 657.6984373 684.3065303 725.3446537 748.9741936 792.7750759 846.1897088 870.8756698 934.7148890 925.4305126 945.5457225 972.7150680 1047.166164 1068.025169 1078.454288 1152.378945 1189.661044 1235.808773 1294.223582 1330.391600 1544.320088 1580.928995 1810.772644 2007.848036 2011.866621 2121.784455 2145.119375 2188.905694 2232.087485 2313.542786 2447.403664 2477.179496 2711.833637 2871.853432 3012.666103 3277.289864 3403.813620 3576.777521 3693.998182 4105.875941 4407.204981 4704.435894 4782.202762 5048.855266 5338.183827 6002.130064 7283.318011 7569.891452 8134.750897 8384.842321 8785.699459 9254.846630 9477.891295 10367.81084 10889.83019 12597.87290 14669.60969 16022.39927 16705.73557 18690.45616 21048.92290 21229.88948 23750.32900 24450.94325 25284.86219 32383.54676 33644.03751 40025.50838 40289.75592 41280.23662 44532.72860 47385.96888 51234.38409 65581.27166 767264.1378 96.38285597
      sorted:	 36.70199523 38.13362331 40.28658282 42.90645564 45.24908515 47.95972880 50.72467477 53.53950415 56.32476512 58.89885176 60.01362384 61.63056062 64.09272959 66.32044527 68.28832287 70.30214260 71.38803851 72.39247944 74.38306146 76.24979235 77.98685779 92.68653804 96.38285597 128.8921779 192.8726103 223.4745756 231.1406566 267.8273753 272.1962079 282.1386366 287.4023817 298.3791724 299.0880816 327.1866075 338.7229273 356.8252441 371.9288776 378.3727121 385.2937761 387.4025344 394.4509352 400.1237840 414.8376959 459.7466391 485.1600299 495.9772303 499.7569764 515.3685708 528.4667660 543.3921741 565.3777562 570.2327036 584.3517095 611.2832376 619.7107297 646.3564539 657.6984373 684.3065303 725.3446537 748.9741936 792.7750759 846.1897088 870.8756698 925.4305126 934.7148890 945.5457225 972.7150680 1047.166164 1068.025169 1078.454288 1152.378945 1189.661044 1235.808773 1294.223582 1330.391600 1544.320088 1580.928995 1810.772644 2007.848036 2011.866621 2121.784455 2145.119375 2188.905694 2232.087485 2313.542786 2447.403664 2477.179496 2711.833637 2871.853432 3012.666103 3277.289864 3403.813620 3576.777521 3693.998182 4105.875941 4407.204981 4704.435894 4782.202762 5048.855266 5338.183827 6002.130064 7283.318011 7569.891452 8134.750897 8384.842321 8785.699459 9254.846630 9477.891295 10367.81084 10889.83019 12597.87290 14669.60969 16022.39927 16705.73557 18690.45616 21048.92290 21229.88948 23750.32900 24450.94325 25284.86219 32383.54676 33644.03751 40025.50838 40289.75592 41280.23662 44532.72860 47385.96888 51234.38409 65581.27166 767264.1378
