    unsorted:	 96.79477974 96.82377041 96.85267596 96.87388971 96.89443061 96.76711763 96.92573938 96.96019102 96.99571383 96.74078028 97.03094818 96.71602425 97.06132588 97.08453931 96.69285482 97.12121335 97.16384798 96.67105026 97.19712202 97.21951357 97.25293166 97.27822957 97.29579526 97.31515913 97.33388011 97.32604844 96.58985125 96.38285597 96.19329109 96.12468188 95.63286683 98.76880210 94.92457225 93.93482491 100.5464036 92.64580428 91.03486729 103.1239838 89.10352087 86.74174945 108.3361999 83.65398747 111.1465861 79.63347823 122.7047376 74.74630566 128.9294716 133.3624919 135.8536762 69.37956439 153.3664237 159.6601054 158.7400382 169.9123990 169.6539793 173.0565382 172.8479823 176.4947211 175.7152699 177.7384986 179.6563523 183.0271734 187.6011435 187.9053037 188.4575577 200.8782677 200.7961924 201.9485359 198.3723598 202.6837993 204.2830486 63.28320290 216.1197015 215.5371193 216.6252899 219.4309258 222.4930794 225.3327755 55.83338283 228.4955857 232.1161188 48.07104772 237.5392384 40.75809152 34.73269923 256.1094337 279.2955378 281.2348829 294.7608959 312.9645025 315.3804983 337.3186458 350.8223809 376.2126618 436.2937330 468.2366195 470.9585845 490.6071967 499.2571319 515.9987042 560.6413500 594.5459901 606.3644022 670.4125051 695.2657598 774.5377457 882.6608826 901.2053366 961.0555522 1090.070481 1104.691345 1523.109381 1544.639831 1705.743449 1738.114242 2108.060000 2548.260694 3141.986643 3630.294102 3851.912505 5626.219867 6807.790085 6980.765893 7276.387189 7531.258753 7901.944192 9796.148040 10306.31917 12327.73428 12580.63289 16082.59532 1158962.876 65737080.44
      sorted:	 34.73269923 40.75809152 48.07104772 55.83338283 63.28320290 69.37956439 74.74630566 79.63347823 83.65398747 86.74174945 89.10352087 91.03486729 92.64580428 93.93482491 94.92457225 95.63286683 96.12468188 96.19329109 96.38285597 96.58985125 96.67105026 96.69285482 96.71602425 96.74078028 96.76711763 96.79477974 96.82377041 96.85267596 96.87388971 96.89443061 96.92573938 96.96019102 96.99571383 97.03094818 97.06132588 97.08453931 97.12121335 97.16384798 97.19712202 97.21951357 97.25293166 97.27822957 97.29579526 97.31515913 97.32604844 97.33388011 98.76880210 100.5464036 103.1239838 108.3361999 111.1465861 122.7047376 128.9294716 133.3624919 135.8536762 153.3664237 158.7400382 159.6601054 169.6539793 169.9123990 172.8479823 173.0565382 175.7152699 176.4947211 177.7384986 179.6563523 183.0271734 187.6011435 187.9053037 188.4575577 198.3723598 200.7961924 200.8782677 201.9485359 202.6837993 204.2830486 215.5371193 216.1197015 216.6252899 219.4309258 222.4930794 225.3327755 228.4955857 232.1161188 237.5392384 256.1094337 279.2955378 281.2348829 294.7608959 312.9645025 315.3804983 337.3186458 350.8223809 376.2126618 436.2937330 468.2366195 470.9585845 490.6071967 499.2571319 515.9987042 560.6413500 594.5459901 606.3644022 670.4125051 695.2657598 774.5377457 882.6608826 901.2053366 961.0555522 1090.070481 1104.691345 1523.109381 1544.639831 1705.743449 1738.114242 2108.060000 2548.260694 3141.986643 3630.294102 3851.912505 5626.219867 6807.790085 6980.765893 7276.387189 7531.258753 7901.944192 9796.148040 10306.31917 12327.73428 12580.63289 16082.59532 1158962.876 65737080.44
