    unsorted:	 96.38285597 96.38285597 96.38285597 96.38285597 96.38285597 96.38285597 96.38285597 96.38285597 96.38285597 96.38285597 96.26463902 96.26648010 96.26682309 96.26878378 96.26284174 96.26106087 96.26001200 96.25907103 96.25746969 96.25588935 96.27103092 96.27301612 96.25448889 96.25311131 96.25206500 96.25156546 96.25061417 96.24963394 96.24872047 96.24801762 96.24749213 96.24720675 96.24706709 96.27523968 96.27624054 96.27782377 96.27959724 96.28195888 96.28340826 96.28463544 96.28611058 96.28691615 96.29016381 96.29329065 96.29839148 96.30282920 96.23855955 96.30710063 96.31121228 96.31512640 96.31878779 96.32216252 96.32532166 96.32841480 96.33149473 96.33451862 96.33744002 96.34023335 96.34288808 96.34540190 96.34777695 96.35001775 96.35213005 96.35412008 96.35599299 96.35769337 96.35938200 96.36096719 96.36245536 96.36385818 96.36518986 96.36646184 96.36768459 96.36893151 96.22884453 96.37968836 96.40407152 96.68486172 95.84575469 97.18778994 97.93425482 97.85409938 98.87584007 99.80359180 99.93441301 100.3753717 93.85131702 93.75490550 101.4287977 87.96390928 82.78928963 115.2075201 78.24266195 75.33641148 73.17556582 126.3526237 128.1334493 143.2576326 150.5179493 153.4066762 154.1146633 164.3718652 171.7318711 186.1859637 192.6935501 195.2324501 199.0282307 219.3171697 287.6344414 295.1641327 317.2918098 378.2682296 504.9280958 643.8052349 661.9032625 727.6438144 966.8011169 1228.386758 1716.738847 16156.53020 56880.02801 1012230.131
      sorted:	 73.17556582 75.33641148 78.24266195 82.78928963 87.96390928 93.75490550 93.85131702 95.84575469 96.22884453 96.23855955 96.24706709 96.24720675 96.24749213 96.24801762 96.24872047 96.24963394 96.25061417 96.25156546 96.25206500 96.25311131 96.25448889 96.25588935 96.25746969 96.25907103 96.26001200 96.26106087 96.26284174 96.26463902 96.26648010 96.26682309 96.26878378 96.27103092 96.27301612 96.27523968 96.27624054 96.27782377 96.27959724 96.28195888 96.28340826 96.28463544 96.28611058 96.28691615 96.29016381 96.29329065 96.29839148 96.30282920 96.30710063 96.31121228 96.31512640 96.31878779 96.32216252 96.32532166 96.32841480 96.33149473 96.33451862 96.33744002 96.34023335 96.34288808 96.34540190 96.34777695 96.35001775 96.35213005 96.35412008 96.35599299 96.35769337 96.35938200 96.36096719 96.36245536 96.36385818 96.36518986 96.36646184 96.36768459 96.36893151 96.37968836 96.38285597 96.38285597 96.38285597 96.38285597 96.38285597 96.38285597 96.38285597 96.38285597 96.38285597 96.38285597 96.40407152 96.68486172 97.18778994 97.85409938 97.93425482 98.87584007 99.80359180 99.93441301 100.3753717 101.4287977 115.2075201 126.3526237 128.1334493 143.2576326 150.5179493 153.4066762 154.1146633 164.3718652 171.7318711 186.1859637 192.6935501 195.2324501 199.0282307 219.3171697 287.6344414 295.1641327 317.2918098 378.2682296 504.9280958 643.8052349 661.9032625 727.6438144 966.8011169 1228.386758 1716.738847 16156.53020 56880.02801 1012230.131
