    unsorted:	 96.38285597 96.38285597 96.38285597 96.38285597 96.38285597 96.38285597 96.38285597 96.38285597 96.38285597 96.38285597 96.39347035 96.39375446 96.39282168 96.39435701 96.39105702 96.39644066 96.38801505 96.39943522 96.40373918 96.38121215 96.41000545 96.41824356 96.41910056 96.37506053 96.43085190 96.44675345 96.45322427 96.46956579 96.59329002 96.59035013 96.59609212 96.58743311 96.59885046 96.60177667 96.58378918 96.60506525 96.57889513 96.57370861 96.60896293 96.56820459 96.61305071 96.56171327 96.61667517 96.61961039 96.62226351 96.62292685 96.55423775 96.54617942 96.53760947 96.52802202 96.51710139 96.50571510 96.48982084 96.35368936 96.34303451 96.25035304 96.80974437 97.09949785 97.61556801 95.24737886 98.71156752 93.90692889 100.9970314 89.54424601 108.3953306 82.18431896 181.2767264 6.934473830 398.1903736 726.2574246 42531.46864 18261.19348 3339654404.
      sorted:	 6.934473830 82.18431896 89.54424601 93.90692889 95.24737886 96.25035304 96.34303451 96.35368936 96.37506053 96.38121215 96.38285597 96.38285597 96.38285597 96.38285597 96.38285597 96.38285597 96.38285597 96.38285597 96.38285597 96.38285597 96.38801505 96.39105702 96.39282168 96.39347035 96.39375446 96.39435701 96.39644066 96.39943522 96.40373918 96.41000545 96.41824356 96.41910056 96.43085190 96.44675345 96.45322427 96.46956579 96.48982084 96.50571510 96.51710139 96.52802202 96.53760947 96.54617942 96.55423775 96.56171327 96.56820459 96.57370861 96.57889513 96.58378918 96.58743311 96.59035013 96.59329002 96.59609212 96.59885046 96.60177667 96.60506525 96.60896293 96.61305071 96.61667517 96.61961039 96.62226351 96.62292685 96.80974437 97.09949785 97.61556801 98.71156752 100.9970314 108.3953306 181.2767264 398.1903736 726.2574246 18261.19348 42531.46864 3339654404.
