    unsorted:	 96.38285597 96.38285597 96.38285597 96.38285597 96.38285597 96.38285597 96.38285597 96.38285597 96.38285597 96.38285597 96.34254053 96.33524777 96.34871418 96.32663239 96.35394119 96.31645397 96.30442872 96.29022180 96.27343868 96.25361507 96.23020587 96.20257260 96.16996890 96.13151162 96.08199267 96.02293167 95.95267733 95.86938546 95.77106086 95.65560071 96.62317963 95.52078780 95.36415143 95.18269834 94.97286743 94.73122850 94.45599020 94.14865231 93.81184795 93.43330952 93.08339544 92.60337260 92.04871677 91.40917471 90.67181139 89.82018841 88.83555167 87.69842189 86.41875598 85.44868827 84.57024040 82.82428183 80.69191659 78.20690933 75.39454438 72.35986711 69.15682706 65.77153324 63.03348701 126.8286689 145.8506085 268.7960978 289.9174637 304.7514454 351.0196639 374.1253569 397.2007437 420.6083815 446.8872531 466.1798873 495.3958808 584.3731886 592.5286525 611.6503931 619.4142712 708.6882303 808.9362710 793.9544791 823.0487774 870.6838669 862.2722786 925.0092390 930.5754292 997.9203852 1113.443379 1129.165964 1168.056224 1218.167439 1367.124156 1382.653519 1426.259389 1438.336669 1523.222832 1566.698317 1674.778309 1733.442085 1764.291022 1820.581677 1826.059898 1883.041729 1932.605906 2160.238230 2159.955109 2379.956638 2422.454176 2703.289273 2746.147159 2831.729181 3100.005145 3051.467078 3208.710344 3284.463860 3337.706880 3423.275502 3508.186765 3549.934471 3960.046632 4222.214137 4277.820854 4319.224803 4395.714028 4585.992045 4819.393916 5016.459629 5281.784737 5370.825944 5554.887759 5624.635255 6077.784287 6244.319706 6870.502840 7247.958452 7444.706839 7990.569528 8052.535182 8087.870892 10098.08618 12414.26020 13409.67141 16835.11684 991356.4333 537552593.8
      sorted:	 63.03348701 65.77153324 69.15682706 72.35986711 75.39454438 78.20690933 80.69191659 82.82428183 84.57024040 85.44868827 86.41875598 87.69842189 88.83555167 89.82018841 90.67181139 91.40917471 92.04871677 92.60337260 93.08339544 93.43330952 93.81184795 94.14865231 94.45599020 94.73122850 94.97286743 95.18269834 95.36415143 95.52078780 95.65560071 95.77106086 95.86938546 95.95267733 96.02293167 96.08199267 96.13151162 96.16996890 96.20257260 96.23020587 96.25361507 96.27343868 96.29022180 96.30442872 96.31645397 96.32663239 96.33524777 96.34254053 96.34871418 96.35394119 96.38285597 96.38285597 96.38285597 96.38285597 96.38285597 96.38285597 96.38285597 96.38285597 96.38285597 96.38285597 96.62317963 126.8286689 145.8506085 268.7960978 289.9174637 304.7514454 351.0196639 374.1253569 397.2007437 420.6083815 446.8872531 466.1798873 495.3958808 584.3731886 592.5286525 611.6503931 619.4142712 708.6882303 793.9544791 808.9362710 823.0487774 862.2722786 870.6838669 925.0092390 930.5754292 997.9203852 1113.443379 1129.165964 1168.056224 1218.167439 1367.124156 1382.653519 1426.259389 1438.336669 1523.222832 1566.698317 1674.778309 1733.442085 1764.291022 1820.581677 1826.059898 1883.041729 1932.605906 2159.955109 2160.238230 2379.956638 2422.454176 2703.289273 2746.147159 2831.729181 3051.467078 3100.005145 3208.710344 3284.463860 3337.706880 3423.275502 3508.186765 3549.934471 3960.046632 4222.214137 4277.820854 4319.224803 4395.714028 4585.992045 4819.393916 5016.459629 5281.784737 5370.825944 5554.887759 5624.635255 6077.784287 6244.319706 6870.502840 7247.958452 7444.706839 7990.569528 8052.535182 8087.870892 10098.08618 12414.26020 13409.67141 16835.11684 991356.4333 537552593.8
