    unsorted:	 96.38285597 96.38285597 96.38285597 96.38285597 96.38285597 96.38285597 96.38285597 96.38285597 96.38285597 96.38285597 96.39957824 96.40061997 96.39858366 96.40172425 96.39764434 96.39675669 96.40288648 96.39591722 96.40410531 96.39512260 96.40537937 96.39436952 96.40670787 96.39365466 96.40809020 96.39297589 96.40952555 96.41101271 96.41254983 96.41413459 96.39183456 96.41576483 96.41743965 96.41915940 96.42092448 96.42273146 96.42337202 96.42464865 96.42662315 96.42875070 96.43209027 96.43442422 96.43718420 96.44015848 96.44333247 96.44265643 96.44663112 96.44999540 96.45282926 96.45344212 96.45610705 96.45712737 96.45919358 96.34847592 96.33031087 96.27389143 96.18944181 96.14323680 96.66085692 96.07518523 95.96373881 95.88364005 95.84345421 95.79488777 95.55256387 97.45742676 95.29202023 98.50099574 98.89201837 94.34543916 99.79218915 100.0781472 100.9320579 101.2330397 101.9815697 102.2672495 102.4007734 91.45659594 104.3732250 86.57718831 110.1899720 110.9722640 84.33581747 112.3354869 80.83951076 117.0486320 78.43759989 121.0815641 74.77173859 125.7153641 128.7429085 129.7809388 130.5746860 133.0276387 68.83376416 135.5332131 63.41073717 141.9340982 59.65455921 145.2763918 148.1426284 54.12726619 160.3483947 174.1762032 175.8526110 191.8335547 203.7190439 223.7911838 255.3298380 317.2993494 382.9580481 423.0576838 524.1709945 664.3818839 877.9325218 1329.288554 1391.698135 1938.431176 3990.602928 16606.19580 174882.5789 3161650.157
      sorted:	 54.12726619 59.65455921 63.41073717 68.83376416 74.77173859 78.43759989 80.83951076 84.33581747 86.57718831 91.45659594 94.34543916 95.29202023 95.55256387 95.79488777 95.84345421 95.88364005 95.96373881 96.07518523 96.14323680 96.18944181 96.27389143 96.33031087 96.34847592 96.38285597 96.38285597 96.38285597 96.38285597 96.38285597 96.38285597 96.38285597 96.38285597 96.38285597 96.38285597 96.39183456 96.39297589 96.39365466 96.39436952 96.39512260 96.39591722 96.39675669 96.39764434 96.39858366 96.39957824 96.40061997 96.40172425 96.40288648 96.40410531 96.40537937 96.40670787 96.40809020 96.40952555 96.41101271 96.41254983 96.41413459 96.41576483 96.41743965 96.41915940 96.42092448 96.42273146 96.42337202 96.42464865 96.42662315 96.42875070 96.43209027 96.43442422 96.43718420 96.44015848 96.44265643 96.44333247 96.44663112 96.44999540 96.45282926 96.45344212 96.45610705 96.45712737 96.45919358 96.66085692 97.45742676 98.50099574 98.89201837 99.79218915 100.0781472 100.9320579 101.2330397 101.9815697 102.2672495 102.4007734 104.3732250 110.1899720 110.9722640 112.3354869 117.0486320 121.0815641 125.7153641 128.7429085 129.7809388 130.5746860 133.0276387 135.5332131 141.9340982 145.2763918 148.1426284 160.3483947 174.1762032 175.8526110 191.8335547 203.7190439 223.7911838 255.3298380 317.2993494 382.9580481 423.0576838 524.1709945 664.3818839 877.9325218 1329.288554 1391.698135 1938.431176 3990.602928 16606.19580 174882.5789 3161650.157
