    unsorted:	 96.38285597 96.38285597 96.38285597 96.38285597 96.38285597 96.38285597 96.38285597 96.38285597 96.38285597 96.38285597 96.38339710 96.38341051 96.38338268 96.38342333 96.38336709 96.38343640 96.38335035 96.38333259 96.38345116 96.38331399 96.38329474 96.38346993 96.38327504 96.38325507 96.38323494 96.38349643 96.38321457 96.38353683 96.38314105 96.38360064 96.38370122 96.38385586 96.38408507 96.38441077 96.38485231 96.38541847 96.38604675 96.38625727 96.38690343 96.38737430 96.38759908 96.38774124 96.37870581 96.37189145 96.37055890 96.39861900 96.36210992 96.35102041 96.34239843 96.33895869 96.41548609 96.33046960 96.32778998 96.31456272 96.47281601 96.49228490 96.25805244 96.54379485 96.61024307 96.63505218 96.67092626 96.69253549 95.99405950 96.79888094 95.89554055 96.94972315 95.66318920 95.50499454 95.31721171 95.12094275 95.03423143 94.85405834 94.71461475 94.56355796 94.46827206 98.63392114 99.39184857 93.30086492 99.72636483 100.7774371 102.6841443 90.66611250 103.5336393 104.6542310 105.4563615 105.9313043 107.8455969 82.78536793 113.7717821 80.64127791 114.9183734 73.08061547 125.1322634 127.4932020 67.84201311 143.8504845 148.5291946 202.6109339 322.2897179 383.9249551 22420.12242 22090.85553 1102269.632
      sorted:	 67.84201311 73.08061547 80.64127791 82.78536793 90.66611250 93.30086492 94.46827206 94.56355796 94.71461475 94.85405834 95.03423143 95.12094275 95.31721171 95.50499454 95.66318920 95.89554055 95.99405950 96.25805244 96.31456272 96.32778998 96.33046960 96.33895869 96.34239843 96.35102041 96.36210992 96.37055890 96.37189145 96.37870581 96.38285597 96.38285597 96.38285597 96.38285597 96.38285597 96.38285597 96.38285597 96.38285597 96.38285597 96.38285597 96.38314105 96.38321457 96.38323494 96.38325507 96.38327504 96.38329474 96.38331399 96.38333259 96.38335035 96.38336709 96.38338268 96.38339710 96.38341051 96.38342333 96.38343640 96.38345116 96.38346993 96.38349643 96.38353683 96.38360064 96.38370122 96.38385586 96.38408507 96.38441077 96.38485231 96.38541847 96.38604675 96.38625727 96.38690343 96.38737430 96.38759908 96.38774124 96.39861900 96.41548609 96.47281601 96.49228490 96.54379485 96.61024307 96.63505218 96.67092626 96.69253549 96.79888094 96.94972315 98.63392114 99.39184857 99.72636483 100.7774371 102.6841443 103.5336393 104.6542310 105.4563615 105.9313043 107.8455969 113.7717821 114.9183734 125.1322634 127.4932020 143.8504845 148.5291946 202.6109339 322.2897179 383.9249551 22090.85553 22420.12242 1102269.632
