    unsorted:	 96.38285597 96.38285597 96.38285597 96.38285597 96.38285597 96.38285597 96.38285597 96.38285597 96.38285597 96.38285597 95.49467931 95.49587742 95.49775330 95.50029167 95.50167768 95.50597480 95.50710417 95.51031499 95.51296921 95.51562249 95.48772386 95.52703673 95.54121493 95.55775047 95.57629437 95.59640726 95.61748850 95.63909471 95.45114679 95.66062973 95.68273529 95.70520053 95.72767560 95.74784150 95.78310788 95.80498314 95.82452967 95.84305247 95.86301896 95.88447704 95.90657158 95.92879586 95.95087821 95.97264770 95.99398194 96.01478607 96.03497736 96.05448443 96.10900625 96.10831516 96.07325061 96.09123555 96.12607671 96.12475067 96.14035103 96.14218953 96.15515967 96.15737780 96.16922304 96.17169008 96.18515788 96.19789514 96.20997391 95.38137263 95.26996002 96.37742239 95.11113958 94.90706952 94.70306806 94.63888467 96.89743475 94.42562887 94.28927665 94.22506404 93.38528306 98.76586610 92.60828916 99.65928005 92.02648951 100.6164941 101.1132043 102.9731431 103.6160888 104.6580769 106.2177192 107.0709792 107.6135780 108.3856040 109.2246659 109.5690163 111.5272922 83.83300008 116.5258612 75.05566729 124.8129962 127.3946950 127.0838920 72.12849197 133.6901661 138.7419442 139.9338008 147.9368570 58.77256041 150.3809235 46.38413916 160.8902409 175.8736010 185.4390205 204.3804493 232.5293066 263.2415818 290.0952149 390.4185976 426.5171208 610.2211078 753.8849294 904.5892606 1329.474754 2343.894694 16642.38674 79350.46795 566590.2842
      sorted:	 46.38413916 58.77256041 72.12849197 75.05566729 83.83300008 92.02648951 92.60828916 93.38528306 94.22506404 94.28927665 94.42562887 94.63888467 94.70306806 94.90706952 95.11113958 95.26996002 95.38137263 95.45114679 95.48772386 95.49467931 95.49587742 95.49775330 95.50029167 95.50167768 95.50597480 95.50710417 95.51031499 95.51296921 95.51562249 95.52703673 95.54121493 95.55775047 95.57629437 95.59640726 95.61748850 95.63909471 95.66062973 95.68273529 95.70520053 95.72767560 95.74784150 95.78310788 95.80498314 95.82452967 95.84305247 95.86301896 95.88447704 95.90657158 95.92879586 95.95087821 95.97264770 95.99398194 96.01478607 96.03497736 96.05448443 96.07325061 96.09123555 96.10831516 96.10900625 96.12475067 96.12607671 96.14035103 96.14218953 96.15515967 96.15737780 96.16922304 96.17169008 96.18515788 96.19789514 96.20997391 96.37742239 96.38285597 96.38285597 96.38285597 96.38285597 96.38285597 96.38285597 96.38285597 96.38285597 96.38285597 96.38285597 96.89743475 98.76586610 99.65928005 100.6164941 101.1132043 102.9731431 103.6160888 104.6580769 106.2177192 107.0709792 107.6135780 108.3856040 109.2246659 109.5690163 111.5272922 116.5258612 124.8129962 127.0838920 127.3946950 133.6901661 138.7419442 139.9338008 147.9368570 150.3809235 160.8902409 175.8736010 185.4390205 204.3804493 232.5293066 263.2415818 290.0952149 390.4185976 426.5171208 610.2211078 753.8849294 904.5892606 1329.474754 2343.894694 16642.38674 79350.46795 566590.2842
