    unsorted:	 96.38285597 96.38285597 96.38285597 96.38285597 96.38285597 96.38285597 96.38285597 96.38285597 96.38285597 96.38285597 97.74696258 97.72094190 97.77297530 97.82477798 97.85987640 97.66018474 97.62896858 97.57080297 97.54098720 97.94241922 97.48527487 97.42619386 97.39153870 98.04589610 98.15482600 97.33146618 98.25413389 98.31926366 98.42199506 97.26351533 98.54868135 98.67698457 98.77240276 98.85807490 98.94294924 99.04256962 99.19383130 99.21467857 99.36569806 99.55505672 99.51433462 99.73091233 99.80706000 99.93476442 100.0661641 100.1486494 100.2891312 100.3440654 100.3857154 100.5119115 100.6292752 100.7285707 100.8721000 100.9530972 97.03746700 97.01959455 101.0851185 101.1731119 101.2380940 101.3450771 101.4426837 101.5210286 101.5890543 101.6603535 101.7625562 101.8608095 101.9544093 102.0472652 102.1357814 102.2210213 102.3033860 102.3811645 102.4551426 102.5244976 102.5882482 102.6472130 102.6996298 102.7461560 102.7841941 102.8109989 102.8266958 102.8329263 102.8518641 96.72852455 95.88104587 93.99612111 105.4221971 106.4179602 81.29878719 115.1684698 117.9853950 64.41527768 151.0642851 22.56990328 191.3308246 235.7423147 270.9563422 280.4513558 293.1175475 357.1713626 367.2089534 425.1710162 491.0318718 576.1907310 656.4918181 716.7436653 910.6600554 1059.054649 1414.993687 1504.254455 1587.349841 2502.408308 2797.733082 3655.660124 4034.325865 4824.841243 5020.592248 6104.451394 8000.534375 16170.74630 516770.4809 2.241549425e+10
      sorted:	 22.56990328 64.41527768 81.29878719 93.99612111 95.88104587 96.38285597 96.38285597 96.38285597 96.38285597 96.38285597 96.38285597 96.38285597 96.38285597 96.38285597 96.38285597 96.72852455 97.01959455 97.03746700 97.26351533 97.33146618 97.39153870 97.42619386 97.48527487 97.54098720 97.57080297 97.62896858 97.66018474 97.72094190 97.74696258 97.77297530 97.82477798 97.85987640 97.94241922 98.04589610 98.15482600 98.25413389 98.31926366 98.42199506 98.54868135 98.67698457 98.77240276 98.85807490 98.94294924 99.04256962 99.19383130 99.21467857 99.36569806 99.51433462 99.55505672 99.73091233 99.80706000 99.93476442 100.0661641 100.1486494 100.2891312 100.3440654 100.3857154 100.5119115 100.6292752 100.7285707 100.8721000 100.9530972 101.0851185 101.1731119 101.2380940 101.3450771 101.4426837 101.5210286 101.5890543 101.6603535 101.7625562 101.8608095 101.9544093 102.0472652 102.1357814 102.2210213 102.3033860 102.3811645 102.4551426 102.5244976 102.5882482 102.6472130 102.6996298 102.7461560 102.7841941 102.8109989 102.8266958 102.8329263 102.8518641 105.4221971 106.4179602 115.1684698 117.9853950 151.0642851 191.3308246 235.7423147 270.9563422 280.4513558 293.1175475 357.1713626 367.2089534 425.1710162 491.0318718 576.1907310 656.4918181 716.7436653 910.6600554 1059.054649 1414.993687 1504.254455 1587.349841 2502.408308 2797.733082 3655.660124 4034.325865 4824.841243 5020.592248 6104.451394 8000.534375 16170.74630 516770.4809 2.241549425e+10
