    unsorted:	 96.38285597 96.38285597 96.38285597 96.38285597 96.38285597 96.38285597 96.38285597 96.38285597 96.38285597 96.38285597 96.27416860 96.28366868 96.25351192 96.29821528 96.23451587 96.21243082 96.32456380 96.16866747 96.11492507 96.05869541 95.99741663 95.92875093 96.44997480 95.84493286 95.73535963 95.59692713 95.43633345 96.68409501 95.27120966 95.10708184 94.94545458 96.75156681 94.82918553 94.70175341 94.57994783 94.43019872 94.29540642 94.14877508 93.98762879 93.83642486 93.66582540 93.50623716 93.33838679 93.17088352 93.00473631 92.83577027 92.67611143 92.51387266 92.36298555 92.21445640 92.07046680 91.93293836 91.80041668 91.67673948 91.56439636 91.46700096 91.38941453 91.32430396 91.30534485 97.25288846 99.62984673 89.06619376 87.74935220 104.3601543 145.9199098 179.1781025 176.4255096 50.02477478 204.6230208 238.4158110 302.4490454 352.2698697 378.9859081 420.0824157 547.7889725 660.4448116 723.5812363 804.7394184 861.2567948 1017.255910 1192.348204 1315.405920 1353.735120 1655.133875 1871.143077 1873.075820 2238.455182 3530.029350 4858.898042 25453.03828 121950.6300 4090639812.
      sorted:	 50.02477478 87.74935220 89.06619376 91.30534485 91.32430396 91.38941453 91.46700096 91.56439636 91.67673948 91.80041668 91.93293836 92.07046680 92.21445640 92.36298555 92.51387266 92.67611143 92.83577027 93.00473631 93.17088352 93.33838679 93.50623716 93.66582540 93.83642486 93.98762879 94.14877508 94.29540642 94.43019872 94.57994783 94.70175341 94.82918553 94.94545458 95.10708184 95.27120966 95.43633345 95.59692713 95.73535963 95.84493286 95.92875093 95.99741663 96.05869541 96.11492507 96.16866747 96.21243082 96.23451587 96.25351192 96.27416860 96.28366868 96.29821528 96.32456380 96.38285597 96.38285597 96.38285597 96.38285597 96.38285597 96.38285597 96.38285597 96.38285597 96.38285597 96.38285597 96.44997480 96.68409501 96.75156681 97.25288846 99.62984673 104.3601543 145.9199098 176.4255096 179.1781025 204.6230208 238.4158110 302.4490454 352.2698697 378.9859081 420.0824157 547.7889725 660.4448116 723.5812363 804.7394184 861.2567948 1017.255910 1192.348204 1315.405920 1353.735120 1655.133875 1871.143077 1873.075820 2238.455182 3530.029350 4858.898042 25453.03828 121950.6300 4090639812.
