    unsorted:	 96.38285597 96.38285597 96.38285597 96.38285597 96.38285597 96.38285597 96.38285597 96.38285597 96.38285597 96.38285597 96.52302051 96.53175360 96.53919725 96.50822036 96.55058698 96.57500555 96.58399989 96.48438739 96.61292009 96.64529203 96.65789011 96.67902947 96.45617226 96.44431866 96.42945326 96.71097047 96.41246544 96.74307925 96.74684990 96.78442923 96.36799676 96.83383148 96.89065912 96.94980715 97.00756882 97.06240377 97.10668737 97.13274687 97.16437416 97.19135480 97.22006295 97.24572953 97.27093763 97.29315986 97.31350550 97.33058138 97.34463614 97.35944022 97.36111677 97.35412265 96.28625425 96.02859079 95.92340776 95.66185201 95.13936334 94.51006930 99.19895658 94.07245089 92.36097000 101.3384865 104.2382428 108.7641455 113.1214157 115.6092570 123.9233767 127.1517413 52.53934842 156.1943020 160.4217536 184.1140014 196.2048337 210.2963274 253.5329309 350.7167624 414.0943961 611.6042318 753.8224629 918.7497877 1111.774575 33092.84047 51374.98103 72464904.74
      sorted:	 52.53934842 92.36097000 94.07245089 94.51006930 95.13936334 95.66185201 95.92340776 96.02859079 96.28625425 96.36799676 96.38285597 96.38285597 96.38285597 96.38285597 96.38285597 96.38285597 96.38285597 96.38285597 96.38285597 96.38285597 96.41246544 96.42945326 96.44431866 96.45617226 96.48438739 96.50822036 96.52302051 96.53175360 96.53919725 96.55058698 96.57500555 96.58399989 96.61292009 96.64529203 96.65789011 96.67902947 96.71097047 96.74307925 96.74684990 96.78442923 96.83383148 96.89065912 96.94980715 97.00756882 97.06240377 97.10668737 97.13274687 97.16437416 97.19135480 97.22006295 97.24572953 97.27093763 97.29315986 97.31350550 97.33058138 97.34463614 97.35412265 97.35944022 97.36111677 99.19895658 101.3384865 104.2382428 108.7641455 113.1214157 115.6092570 123.9233767 127.1517413 156.1943020 160.4217536 184.1140014 196.2048337 210.2963274 253.5329309 350.7167624 414.0943961 611.6042318 753.8224629 918.7497877 1111.774575 33092.84047 51374.98103 72464904.74
