    unsorted:	 96.38285597 96.38285597 96.38285597 96.38285597 96.38285597 96.38285597 96.38285597 96.38285597 96.38285597 96.38285597 95.59576416 95.62235952 95.63133100 95.61184803 95.57651659 95.65335098 95.66279838 95.55981880 95.54106118 95.52402236 95.48892815 95.50618592 95.47203104 95.69180494 95.71087329 95.45528409 95.43937891 95.73431755 95.42370179 95.40875054 95.41368721 95.39430032 95.38076646 95.75219057 95.36794761 95.35585678 95.77286144 95.79347921 95.79572598 95.81761553 95.34472122 95.33426407 95.32480396 95.31613896 95.30865187 95.29830356 95.30255752 95.29467293 95.29575574 95.83441812 95.85318254 95.86696531 95.87837225 95.88391669 95.90440293 95.92816495 95.95218836 95.97610497 95.99951519 96.02213278 96.04379792 96.06443593 96.08402343 96.10256787 96.12009529 96.13664263 96.15225278 96.16697079 96.18031343 96.19361951 96.20609801 96.21780036 96.22880900 96.23922430 96.24912201 96.25854827 96.26756563 95.21708248 96.31600105 94.93888192 94.68835432 94.56840925 96.77662447 97.28143222 99.93025487 100.5990545 91.34771046 103.7009529 103.4481963 107.2543498 108.1427781 109.5607727 75.25475478 124.0265109 133.9090861 178.2665732 181.1369214 216.0966950 221.3972628 226.0698702 241.4136358 254.6528429 279.1685742 295.2137176 311.1599305 433.4918352 470.5289494 606.0058344 688.5596945 731.9591273 997.9776838 1303.651485 1793.947608 2074.803139 3106.273006 3596.519932 4185.212170 4934.133846 6328.061888 16132.19497 250500.8279 8024744.311
      sorted:	 75.25475478 91.34771046 94.56840925 94.68835432 94.93888192 95.21708248 95.29467293 95.29575574 95.29830356 95.30255752 95.30865187 95.31613896 95.32480396 95.33426407 95.34472122 95.35585678 95.36794761 95.38076646 95.39430032 95.40875054 95.41368721 95.42370179 95.43937891 95.45528409 95.47203104 95.48892815 95.50618592 95.52402236 95.54106118 95.55981880 95.57651659 95.59576416 95.61184803 95.62235952 95.63133100 95.65335098 95.66279838 95.69180494 95.71087329 95.73431755 95.75219057 95.77286144 95.79347921 95.79572598 95.81761553 95.83441812 95.85318254 95.86696531 95.87837225 95.88391669 95.90440293 95.92816495 95.95218836 95.97610497 95.99951519 96.02213278 96.04379792 96.06443593 96.08402343 96.10256787 96.12009529 96.13664263 96.15225278 96.16697079 96.18031343 96.19361951 96.20609801 96.21780036 96.22880900 96.23922430 96.24912201 96.25854827 96.26756563 96.31600105 96.38285597 96.38285597 96.38285597 96.38285597 96.38285597 96.38285597 96.38285597 96.38285597 96.38285597 96.38285597 96.77662447 97.28143222 99.93025487 100.5990545 103.4481963 103.7009529 107.2543498 108.1427781 109.5607727 124.0265109 133.9090861 178.2665732 181.1369214 216.0966950 221.3972628 226.0698702 241.4136358 254.6528429 279.1685742 295.2137176 311.1599305 433.4918352 470.5289494 606.0058344 688.5596945 731.9591273 997.9776838 1303.651485 1793.947608 2074.803139 3106.273006 3596.519932 4185.212170 4934.133846 6328.061888 16132.19497 250500.8279 8024744.311
