    unsorted:	 96.38285597 96.38285597 96.38285597 96.38285597 96.38285597 96.38285597 96.38285597 96.38285597 96.38285597 96.38285597 96.09635304 96.09772274 96.10417848 96.09023342 96.10778570 96.11410806 96.11815946 96.12330181 96.12811900 96.13085948 96.13532620 96.08419594 96.08097879 96.14048020 96.14240199 96.14559246 96.14792989 96.07473139 96.07011357 96.06636374 96.06090960 96.06024486 96.05447836 96.05305077 96.05076675 96.15388538 96.04101115 96.16112560 96.03271872 96.02568529 96.02663523 96.02296840 96.02127685 96.01964267 96.01810083 96.01696623 96.01617344 96.01551708 96.16893917 96.00593528 96.17642951 96.18401968 95.99701348 96.19236266 96.20120143 96.21018047 95.98759123 96.21910281 96.22785878 96.23638080 96.24462641 96.25257204 96.26021150 96.26756191 96.27470661 96.28132369 96.28335063 95.92519558 96.33664792 96.44519362 96.62053362 96.89521324 97.14588808 97.26444459 95.12289136 97.44922750 97.54039965 98.65520694 93.38839143 93.26490185 90.86338864 87.93748964 104.9247114 84.58416632 83.58592251 109.9023579 111.7699138 112.6831981 80.61990220 76.60757399 121.1930005 73.27687739 126.1982437 133.6980910 146.2531090 153.4059863 174.8969008 185.9691454 211.0296745 237.8597086 307.8223830 330.5108274 468.6742253 530.0657722 789.4589848 1003.476259 2021.455172 2777.240257 3317.698300 19204.67440 181609.2267 2632456.422
      sorted:	 73.27687739 76.60757399 80.61990220 83.58592251 84.58416632 87.93748964 90.86338864 93.26490185 93.38839143 95.12289136 95.92519558 95.98759123 95.99701348 96.00593528 96.01551708 96.01617344 96.01696623 96.01810083 96.01964267 96.02127685 96.02296840 96.02568529 96.02663523 96.03271872 96.04101115 96.05076675 96.05305077 96.05447836 96.06024486 96.06090960 96.06636374 96.07011357 96.07473139 96.08097879 96.08419594 96.09023342 96.09635304 96.09772274 96.10417848 96.10778570 96.11410806 96.11815946 96.12330181 96.12811900 96.13085948 96.13532620 96.14048020 96.14240199 96.14559246 96.14792989 96.15388538 96.16112560 96.16893917 96.17642951 96.18401968 96.19236266 96.20120143 96.21018047 96.21910281 96.22785878 96.23638080 96.24462641 96.25257204 96.26021150 96.26756191 96.27470661 96.28132369 96.28335063 96.33664792 96.38285597 96.38285597 96.38285597 96.38285597 96.38285597 96.38285597 96.38285597 96.38285597 96.38285597 96.38285597 96.44519362 96.62053362 96.89521324 97.14588808 97.26444459 97.44922750 97.54039965 98.65520694 104.9247114 109.9023579 111.7699138 112.6831981 121.1930005 126.1982437 133.6980910 146.2531090 153.4059863 174.8969008 185.9691454 211.0296745 237.8597086 307.8223830 330.5108274 468.6742253 530.0657722 789.4589848 1003.476259 2021.455172 2777.240257 3317.698300 19204.67440 181609.2267 2632456.422
