    unsorted:	 96.38285597 96.38285597 96.38285597 96.38285597 96.38285597 96.38285597 96.38285597 96.38285597 96.38285597 96.38285597 95.52671492 95.51201854 95.50236483 95.47646898 95.55226880 95.57480180 95.45180433 95.42399540 95.60052882 95.62184570 95.64503642 95.66123322 95.68105989 95.70079150 95.39848555 95.72420870 95.74099901 95.76959550 95.76194469 95.78924596 95.79763612 95.36890962 95.34310355 95.31225811 95.82744607 95.28609933 95.85426546 95.25551315 95.22834776 95.21788834 95.19928319 95.17101202 95.14363601 95.87880229 95.11482732 95.08826481 95.05970147 95.03343717 95.90489897 95.00543967 94.97971380 94.95280333 94.92803150 94.90226759 94.87907395 95.93231540 94.85204343 94.82731459 94.80737139 94.78681160 94.76880493 94.76258133 94.75012362 94.73408835 94.71897641 94.70548967 94.69358643 94.67734630 94.68408878 94.67172863 94.67341906 95.95972884 95.98654063 96.01256016 96.03799497 96.07523943 96.56073877 94.20854381 93.79429532 93.52845764 97.41169494 93.24834562 99.73007189 90.26424025 102.5607630 106.2059943 107.2993342 115.1445541 79.28164926 121.1890919 125.8241619 136.3458601 140.0224701 145.6850000 149.4244049 170.7928186 186.2250120 212.2779047 220.9982605 267.4406176 279.7271159 346.3413275 506.4727366 646.9923310 1105.128046 1287.737200 2059.536564 3231.309636 4337.706080 18576.25460 134213.1101 2279995.383
      sorted:	 79.28164926 90.26424025 93.24834562 93.52845764 93.79429532 94.20854381 94.67172863 94.67341906 94.67734630 94.68408878 94.69358643 94.70548967 94.71897641 94.73408835 94.75012362 94.76258133 94.76880493 94.78681160 94.80737139 94.82731459 94.85204343 94.87907395 94.90226759 94.92803150 94.95280333 94.97971380 95.00543967 95.03343717 95.05970147 95.08826481 95.11482732 95.14363601 95.17101202 95.19928319 95.21788834 95.22834776 95.25551315 95.28609933 95.31225811 95.34310355 95.36890962 95.39848555 95.42399540 95.45180433 95.47646898 95.50236483 95.51201854 95.52671492 95.55226880 95.57480180 95.60052882 95.62184570 95.64503642 95.66123322 95.68105989 95.70079150 95.72420870 95.74099901 95.76194469 95.76959550 95.78924596 95.79763612 95.82744607 95.85426546 95.87880229 95.90489897 95.93231540 95.95972884 95.98654063 96.01256016 96.03799497 96.07523943 96.38285597 96.38285597 96.38285597 96.38285597 96.38285597 96.38285597 96.38285597 96.38285597 96.38285597 96.38285597 96.56073877 97.41169494 99.73007189 102.5607630 106.2059943 107.2993342 115.1445541 121.1890919 125.8241619 136.3458601 140.0224701 145.6850000 149.4244049 170.7928186 186.2250120 212.2779047 220.9982605 267.4406176 279.7271159 346.3413275 506.4727366 646.9923310 1105.128046 1287.737200 2059.536564 3231.309636 4337.706080 18576.25460 134213.1101 2279995.383
