    unsorted:	 96.38285597 96.38285597 96.38285597 96.38285597 96.38285597 96.38285597 96.38285597 96.38285597 96.38285597 96.38285597 87.54874228 86.93824834 86.33865280 88.12514245 85.69094808 88.69220872 84.99618063 84.24631403 89.20282712 83.44245367 89.70366907 82.59082041 81.70145509 81.05289091 80.74907007 79.78194931 91.96615863 93.41784836 78.56772189 77.28610995 95.72080799 75.96915264 74.60596905 73.18167729 100.7720734 101.5648640 71.66750654 104.6428490 70.07691808 68.45660679 108.6100056 109.8917997 115.1757324 115.1253433 115.4153276 114.3729036 66.83916090 120.4105364 122.2511842 121.6631425 122.5033764 124.0126222 124.9952071 126.5514415 65.21564709 63.57225260 61.96353388 60.45854639 59.17850575 58.47140565 58.02005350 57.60173387 137.0030211 138.6200434 143.2779443 145.1932282 148.4906673 147.9935414 154.4805037 155.2253101 156.7444209 163.1298704 162.4710131 169.5398142 170.8096474 175.3116943 177.7429818 179.1308280 182.3343989 185.0174205 185.4848913 190.8168709 193.7062806 195.2736369 197.4083181 202.9737250 205.9867169 206.7026733 209.7688191 219.1689974 219.9589001 232.8635667 232.6803258 244.2218257 252.8905683 1.189311179 264.4225837 276.8999805 285.7831380 291.2127307 318.8700657 331.6878230 336.4550526 367.5072134 378.5228665 435.5689442 448.6976587 508.2337687 520.1926520 525.3386456 589.6076909 681.9632609 734.7092822 767.8560497 839.3974171 884.1441220 896.6854965 1055.245841 1081.821689 1174.791711 1328.448960 1734.720711 1855.619049 2002.061113 2495.549598 3033.100956 3107.445644 3442.303752 3563.414451 4537.158774 5389.904909 6480.212844 7660.756651 7964.428263 9247.263088 9653.999860 10751.90592 12914.90432 13346.46933 17491.40754 1394759.975 9796205.710
      sorted:	 1.189311179 57.60173387 58.02005350 58.47140565 59.17850575 60.45854639 61.96353388 63.57225260 65.21564709 66.83916090 68.45660679 70.07691808 71.66750654 73.18167729 74.60596905 75.96915264 77.28610995 78.56772189 79.78194931 80.74907007 81.05289091 81.70145509 82.59082041 83.44245367 84.24631403 84.99618063 85.69094808 86.33865280 86.93824834 87.54874228 88.12514245 88.69220872 89.20282712 89.70366907 91.96615863 93.41784836 95.72080799 96.38285597 96.38285597 96.38285597 96.38285597 96.38285597 96.38285597 96.38285597 96.38285597 96.38285597 96.38285597 100.7720734 101.5648640 104.6428490 108.6100056 109.8917997 114.3729036 115.1253433 115.1757324 115.4153276 120.4105364 121.6631425 122.2511842 122.5033764 124.0126222 124.9952071 126.5514415 137.0030211 138.6200434 143.2779443 145.1932282 147.9935414 148.4906673 154.4805037 155.2253101 156.7444209 162.4710131 163.1298704 169.5398142 170.8096474 175.3116943 177.7429818 179.1308280 182.3343989 185.0174205 185.4848913 190.8168709 193.7062806 195.2736369 197.4083181 202.9737250 205.9867169 206.7026733 209.7688191 219.1689974 219.9589001 232.6803258 232.8635667 244.2218257 252.8905683 264.4225837 276.8999805 285.7831380 291.2127307 318.8700657 331.6878230 336.4550526 367.5072134 378.5228665 435.5689442 448.6976587 508.2337687 520.1926520 525.3386456 589.6076909 681.9632609 734.7092822 767.8560497 839.3974171 884.1441220 896.6854965 1055.245841 1081.821689 1174.791711 1328.448960 1734.720711 1855.619049 2002.061113 2495.549598 3033.100956 3107.445644 3442.303752 3563.414451 4537.158774 5389.904909 6480.212844 7660.756651 7964.428263 9247.263088 9653.999860 10751.90592 12914.90432 13346.46933 17491.40754 1394759.975 9796205.710
