    unsorted:	 96.38285597 96.38285597 96.38285597 96.38285597 96.38285597 96.38285597 96.38285597 96.38285597 96.38285597 96.38285597 95.07064672 95.09122425 95.00956317 94.93590754 94.86536308 94.79778105 94.74774544 94.68274058 94.62606885 94.57181749 94.51894643 94.46484747 95.16331735 94.40775783 94.34740187 94.28100600 95.24685999 94.21155241 95.33389926 94.13644688 94.05548010 95.41369525 95.50325010 93.97277079 93.88639759 93.80195532 95.61559461 93.71853564 95.73582181 93.63749561 95.84584082 95.93782748 96.00445319 96.01748111 96.06698691 96.10924464 96.14289659 96.17232755 96.27280896 96.30434055 93.55704282 93.48212002 93.41233719 93.35318136 93.30148281 93.25765760 93.24064904 96.96142998 91.89253338 89.62304095 100.8491450 101.4487621 84.82817937 75.02381338 137.8863782 201.4825028 334.5000597 389.2885109 585.2011037 680.1733251 766.4523223 1009.360398 1155.638303 1424.824620 1665.410397 1954.829293 2682.126540 3498.349389 7214.632961 32299.85491 132279.3761 91430021.57
      sorted:	 75.02381338 84.82817937 89.62304095 91.89253338 93.24064904 93.25765760 93.30148281 93.35318136 93.41233719 93.48212002 93.55704282 93.63749561 93.71853564 93.80195532 93.88639759 93.97277079 94.05548010 94.13644688 94.21155241 94.28100600 94.34740187 94.40775783 94.46484747 94.51894643 94.57181749 94.62606885 94.68274058 94.74774544 94.79778105 94.86536308 94.93590754 95.00956317 95.07064672 95.09122425 95.16331735 95.24685999 95.33389926 95.41369525 95.50325010 95.61559461 95.73582181 95.84584082 95.93782748 96.00445319 96.01748111 96.06698691 96.10924464 96.14289659 96.17232755 96.27280896 96.30434055 96.38285597 96.38285597 96.38285597 96.38285597 96.38285597 96.38285597 96.38285597 96.38285597 96.38285597 96.38285597 96.96142998 100.8491450 101.4487621 137.8863782 201.4825028 334.5000597 389.2885109 585.2011037 680.1733251 766.4523223 1009.360398 1155.638303 1424.824620 1665.410397 1954.829293 2682.126540 3498.349389 7214.632961 32299.85491 132279.3761 91430021.57
