    unsorted:	 96.38285597 96.38285597 96.38285597 96.38285597 96.38285597 96.38285597 96.38285597 96.38285597 96.38285597 96.38285597 96.43965595 96.44122955 96.43167875 96.42478362 96.44871346 96.41878040 96.41258338 96.45712887 96.46558044 96.40464345 96.47446271 96.39580660 96.39081315 96.48396798 96.49694153 96.51613811 96.36464802 96.54271619 96.56786817 96.57753559 96.62132820 96.68502629 96.74695372 96.81100086 96.87430860 96.88159501 96.93493780 96.98737460 97.01900952 97.05450841 97.08612420 97.12176996 97.15355978 97.18918153 97.22096532 97.25581661 97.28802873 97.32168296 97.35460312 97.38772620 97.42088810 97.45257079 97.48293792 97.50997789 97.53263018 97.54922160 97.54986102 97.56136608 97.56428880 96.23401766 95.83546029 95.54248552 92.44901270 88.45898358 109.1996939 68.59024559 150.6893485 163.4223516 246.8239028 312.0151677 360.2037763 400.8906438 433.9447446 631.9919464 715.4172909 814.7811086 966.5295023 1301.436842 1560.424970 32360.68695 37067.72815 1118307675.
      sorted:	 68.59024559 88.45898358 92.44901270 95.54248552 95.83546029 96.23401766 96.36464802 96.38285597 96.38285597 96.38285597 96.38285597 96.38285597 96.38285597 96.38285597 96.38285597 96.38285597 96.38285597 96.39081315 96.39580660 96.40464345 96.41258338 96.41878040 96.42478362 96.43167875 96.43965595 96.44122955 96.44871346 96.45712887 96.46558044 96.47446271 96.48396798 96.49694153 96.51613811 96.54271619 96.56786817 96.57753559 96.62132820 96.68502629 96.74695372 96.81100086 96.87430860 96.88159501 96.93493780 96.98737460 97.01900952 97.05450841 97.08612420 97.12176996 97.15355978 97.18918153 97.22096532 97.25581661 97.28802873 97.32168296 97.35460312 97.38772620 97.42088810 97.45257079 97.48293792 97.50997789 97.53263018 97.54922160 97.54986102 97.56136608 97.56428880 109.1996939 150.6893485 163.4223516 246.8239028 312.0151677 360.2037763 400.8906438 433.9447446 631.9919464 715.4172909 814.7811086 966.5295023 1301.436842 1560.424970 32360.68695 37067.72815 1118307675.
