    unsorted:	 96.38285597 96.38285597 96.38285597 96.38285597 96.38285597 96.38285597 96.38285597 96.38285597 96.38285597 96.38285597 94.74377408 94.75784063 94.71546587 94.77485835 94.68038201 94.63488426 94.82141276 94.58199201 94.52773109 94.46775364 94.40449205 94.88476786 94.34030532 94.26577651 94.97190531 94.19519872 94.11171712 95.03550943 94.05022968 93.99674711 93.90550863 95.09833588 95.14707635 93.82117502 93.72954923 93.63870337 95.26440900 93.54669330 93.45463785 93.36544025 93.27839353 93.19729338 93.12233065 93.05574873 92.99857755 92.95056287 92.91269921 92.88640156 92.86789431 92.86948878 95.44018865 95.71546844 95.92499887 96.13643224 92.04087441 91.96504023 96.65078943 98.65508870 100.7766471 86.70921532 80.43129833 117.3171153 127.2187319 129.5321035 183.7455991 192.3992533 221.8757669 253.6821360 299.6230686 294.1374886 408.4466592 477.3406225 499.8233385 535.0698592 699.8315455 787.0571724 836.9570640 963.3222171 1054.893164 1250.397096 1594.889422 2273.974412 2590.098485 3055.072459 3556.475903 4174.224707 5748.649261 7409.420185 7936.760753 26042.41786 359404.5952 9994156.656
      sorted:	 80.43129833 86.70921532 91.96504023 92.04087441 92.86789431 92.86948878 92.88640156 92.91269921 92.95056287 92.99857755 93.05574873 93.12233065 93.19729338 93.27839353 93.36544025 93.45463785 93.54669330 93.63870337 93.72954923 93.82117502 93.90550863 93.99674711 94.05022968 94.11171712 94.19519872 94.26577651 94.34030532 94.40449205 94.46775364 94.52773109 94.58199201 94.63488426 94.68038201 94.71546587 94.74377408 94.75784063 94.77485835 94.82141276 94.88476786 94.97190531 95.03550943 95.09833588 95.14707635 95.26440900 95.44018865 95.71546844 95.92499887 96.13643224 96.38285597 96.38285597 96.38285597 96.38285597 96.38285597 96.38285597 96.38285597 96.38285597 96.38285597 96.38285597 96.65078943 98.65508870 100.7766471 117.3171153 127.2187319 129.5321035 183.7455991 192.3992533 221.8757669 253.6821360 294.1374886 299.6230686 408.4466592 477.3406225 499.8233385 535.0698592 699.8315455 787.0571724 836.9570640 963.3222171 1054.893164 1250.397096 1594.889422 2273.974412 2590.098485 3055.072459 3556.475903 4174.224707 5748.649261 7409.420185 7936.760753 26042.41786 359404.5952 9994156.656
