    unsorted:	 96.38285597 96.38285597 96.38285597 96.38285597 96.38285597 96.38285597 96.38285597 96.38285597 96.38285597 96.38285597 94.66845800 94.76527953 94.57779884 94.79518059 94.50165417 94.46935549 94.38244106 94.87183483 94.27873681 94.95541180 94.18469217 95.04785191 94.07772268 93.97719693 95.14783187 95.19446492 95.20806834 95.28556084 93.86877283 93.76122235 93.65003392 93.56084704 93.46713291 93.35627106 95.39221062 93.25216681 93.15138940 93.05515454 92.96702859 92.88427066 92.80818588 92.73673248 92.66888669 92.60484060 92.54443270 92.49064358 92.44935971 92.42447596 92.42008845 95.49579784 95.78544142 95.87043620 96.32641526 91.85604310 97.36512455 97.95385095 99.84008774 100.2439523 102.0279936 86.05856254 112.2285908 67.53351661 131.3196688 41.21987492 154.1051206 219.9644569 284.4040665 332.3197694 380.8762738 418.0126266 457.8490604 543.3288560 627.9038432 656.4671452 740.2343094 1158.689594 1325.843501 1386.258396 1648.416679 1723.122821 2157.114218 3598.828349 4197.415764 4096.823751 4451.513072 4905.908493 5759.770518 7350.586183 8677.790675 26078.59582 400228.8972 170633093.1
      sorted:	 41.21987492 67.53351661 86.05856254 91.85604310 92.42008845 92.42447596 92.44935971 92.49064358 92.54443270 92.60484060 92.66888669 92.73673248 92.80818588 92.88427066 92.96702859 93.05515454 93.15138940 93.25216681 93.35627106 93.46713291 93.56084704 93.65003392 93.76122235 93.86877283 93.97719693 94.07772268 94.18469217 94.27873681 94.38244106 94.46935549 94.50165417 94.57779884 94.66845800 94.76527953 94.79518059 94.87183483 94.95541180 95.04785191 95.14783187 95.19446492 95.20806834 95.28556084 95.39221062 95.49579784 95.78544142 95.87043620 96.32641526 96.38285597 96.38285597 96.38285597 96.38285597 96.38285597 96.38285597 96.38285597 96.38285597 96.38285597 96.38285597 97.36512455 97.95385095 99.84008774 100.2439523 102.0279936 112.2285908 131.3196688 154.1051206 219.9644569 284.4040665 332.3197694 380.8762738 418.0126266 457.8490604 543.3288560 627.9038432 656.4671452 740.2343094 1158.689594 1325.843501 1386.258396 1648.416679 1723.122821 2157.114218 3598.828349 4096.823751 4197.415764 4451.513072 4905.908493 5759.770518 7350.586183 8677.790675 26078.59582 400228.8972 170633093.1
