    unsorted:	 96.38285597 96.38285597 96.38285597 96.38285597 96.38285597 96.38285597 96.38285597 96.38285597 96.38285597 96.38285597 96.97870184 96.97150502 96.98410838 96.96365937 96.95341293 96.99831590 96.94283361 97.02745201 97.04614807 97.09890784 96.88215933 97.18395128 97.22606767 97.27251263 97.33155577 97.34383522 97.40592366 97.49160705 97.56247419 97.58420852 97.67052528 97.75672546 96.72219363 97.88620631 97.85146940 97.96929286 98.10701068 98.23864401 98.25360461 98.39416236 96.41973689 98.52332952 98.72784051 98.64024861 98.78230706 98.84380645 98.89259162 98.93979660 98.97784668 99.00709255 99.02300565 99.02889984 95.24502543 99.65115400 94.33301418 93.96367660 101.8381168 86.56443620 74.01782819 122.7344604 127.1841863 56.67701697 143.1694614 158.9201020 29.48562327 217.9226133 267.2036446 303.8004626 341.3395811 509.7163999 727.8172508 1437.307960 2032.359995 3639.343682 38305.67615 73986.25454 1874285.675
      sorted:	 29.48562327 56.67701697 74.01782819 86.56443620 93.96367660 94.33301418 95.24502543 96.38285597 96.38285597 96.38285597 96.38285597 96.38285597 96.38285597 96.38285597 96.38285597 96.38285597 96.38285597 96.41973689 96.72219363 96.88215933 96.94283361 96.95341293 96.96365937 96.97150502 96.97870184 96.98410838 96.99831590 97.02745201 97.04614807 97.09890784 97.18395128 97.22606767 97.27251263 97.33155577 97.34383522 97.40592366 97.49160705 97.56247419 97.58420852 97.67052528 97.75672546 97.85146940 97.88620631 97.96929286 98.10701068 98.23864401 98.25360461 98.39416236 98.52332952 98.64024861 98.72784051 98.78230706 98.84380645 98.89259162 98.93979660 98.97784668 99.00709255 99.02300565 99.02889984 99.65115400 101.8381168 122.7344604 127.1841863 143.1694614 158.9201020 217.9226133 267.2036446 303.8004626 341.3395811 509.7163999 727.8172508 1437.307960 2032.359995 3639.343682 38305.67615 73986.25454 1874285.675
