    unsorted:	 96.38285597 96.38285597 96.38285597 96.38285597 96.38285597 96.38285597 96.38285597 96.38285597 96.38285597 96.38285597 96.45053447 96.44923393 96.44638264 96.45319364 96.44012836 96.43664486 96.46013925 96.42692490 96.47613847 96.41245695 96.40279049 96.40161383 96.49212385 96.50947414 96.52624750 96.53679057 96.54204383 96.55870044 96.37866592 96.57400376 96.57962688 96.60509713 96.63531715 96.34803726 96.66689265 96.67712481 96.69711849 96.72597429 96.75383282 96.75776382 96.79706570 96.83529650 96.84699403 96.89673851 96.94629071 96.99242852 97.03462224 97.07058514 97.09586887 97.10628214 97.11619939 97.11986159 97.12282307 96.10804531 97.26535906 95.76593229 95.35060804 93.72067240 99.21632702 92.30707314 92.06748446 89.80735079 105.4212301 108.7354816 113.6782440 117.5470145 127.0550266 143.3369823 41.06319642 236.3930516 378.4543220 7821.617313 42465.14171 13185431.79
      sorted:	 41.06319642 89.80735079 92.06748446 92.30707314 93.72067240 95.35060804 95.76593229 96.10804531 96.34803726 96.37866592 96.38285597 96.38285597 96.38285597 96.38285597 96.38285597 96.38285597 96.38285597 96.38285597 96.38285597 96.38285597 96.40161383 96.40279049 96.41245695 96.42692490 96.43664486 96.44012836 96.44638264 96.44923393 96.45053447 96.45319364 96.46013925 96.47613847 96.49212385 96.50947414 96.52624750 96.53679057 96.54204383 96.55870044 96.57400376 96.57962688 96.60509713 96.63531715 96.66689265 96.67712481 96.69711849 96.72597429 96.75383282 96.75776382 96.79706570 96.83529650 96.84699403 96.89673851 96.94629071 96.99242852 97.03462224 97.07058514 97.09586887 97.10628214 97.11619939 97.11986159 97.12282307 97.26535906 99.21632702 105.4212301 108.7354816 113.6782440 117.5470145 127.0550266 143.3369823 236.3930516 378.4543220 7821.617313 42465.14171 13185431.79
