    unsorted:	 96.38285597 96.38285597 96.38285597 96.38285597 96.38285597 96.38285597 96.38285597 96.38285597 96.38285597 96.38285597 113.7030089 114.0419373 112.7719712 110.8555042 111.1207456 114.8917582 109.2078659 107.4398128 105.1036758 118.9892511 102.1935133 100.5727291 98.98621425 95.97698520 121.7518007 92.92828105 90.10265704 87.82508533 86.31228137 134.7794590 137.2130014 83.31110158 146.7998200 149.3081106 158.2413146 171.0715576 170.5335079 173.2153982 183.2671192 182.7020836 184.4854822 178.7132817 188.9912578 194.4204170 196.0099537 203.2915448 203.9596004 200.8233781 204.4855981 219.1309999 219.8176627 217.0150335 222.2436734 227.4807631 237.0119211 239.2803225 240.9257235 250.9273282 253.8648319 265.3748460 283.9592054 284.5807595 277.9479859 308.0168295 319.3223987 322.4407206 337.1345499 343.9684600 354.7586808 367.7122598 372.1174643 402.8958710 433.5099069 436.8370619 451.1488926 505.7097820 517.7792104 537.8031139 544.6870053 602.2618862 658.8457658 688.8943125 717.0523074 767.7744445 785.6834499 829.7076097 886.6513661 973.3666390 999.8010748 1126.646579 1178.265527 1219.063428 1305.244509 1363.424791 1712.403329 1765.418189 1842.231987 1899.508222 1903.970873 1954.360827 2113.013602 2305.224744 2980.547012 3074.323771 3385.170433 3696.158021 3925.459096 3941.022928 4361.557473 4648.299769 4974.691289 5170.137766 5798.753073 6208.291195 7123.263415 7504.620666 8508.254161 8701.813017 10060.65470 10672.24576 11095.63464 12919.65323 13884.47613 15365.48302 15712.37828 16929.55695 17882.76808 19086.72450 21144.69533 22116.20891 23230.34658 26178.17472 27405.04975 28267.39098 31572.13858 38007.39899 48501.98780 52858.67669 73496.85073 286116.2759 9620495.461 63376331.18
      sorted:	 83.31110158 86.31228137 87.82508533 90.10265704 92.92828105 95.97698520 96.38285597 96.38285597 96.38285597 96.38285597 96.38285597 96.38285597 96.38285597 96.38285597 96.38285597 96.38285597 98.98621425 100.5727291 102.1935133 105.1036758 107.4398128 109.2078659 110.8555042 111.1207456 112.7719712 113.7030089 114.0419373 114.8917582 118.9892511 121.7518007 134.7794590 137.2130014 146.7998200 149.3081106 158.2413146 170.5335079 171.0715576 173.2153982 178.7132817 182.7020836 183.2671192 184.4854822 188.9912578 194.4204170 196.0099537 200.8233781 203.2915448 203.9596004 204.4855981 217.0150335 219.1309999 219.8176627 222.2436734 227.4807631 237.0119211 239.2803225 240.9257235 250.9273282 253.8648319 265.3748460 277.9479859 283.9592054 284.5807595 308.0168295 319.3223987 322.4407206 337.1345499 343.9684600 354.7586808 367.7122598 372.1174643 402.8958710 433.5099069 436.8370619 451.1488926 505.7097820 517.7792104 537.8031139 544.6870053 602.2618862 658.8457658 688.8943125 717.0523074 767.7744445 785.6834499 829.7076097 886.6513661 973.3666390 999.8010748 1126.646579 1178.265527 1219.063428 1305.244509 1363.424791 1712.403329 1765.418189 1842.231987 1899.508222 1903.970873 1954.360827 2113.013602 2305.224744 2980.547012 3074.323771 3385.170433 3696.158021 3925.459096 3941.022928 4361.557473 4648.299769 4974.691289 5170.137766 5798.753073 6208.291195 7123.263415 7504.620666 8508.254161 8701.813017 10060.65470 10672.24576 11095.63464 12919.65323 13884.47613 15365.48302 15712.37828 16929.55695 17882.76808 19086.72450 21144.69533 22116.20891 23230.34658 26178.17472 27405.04975 28267.39098 31572.13858 38007.39899 48501.98780 52858.67669 73496.85073 286116.2759 9620495.461 63376331.18
