    unsorted:	 96.38285597 96.38285597 96.38285597 96.38285597 96.38285597 96.38285597 96.38285597 96.38285597 96.38285597 96.38285597 215.5063383 216.2726186 213.8803476 210.5569330 209.1931214 222.6308413 222.4786312 199.9258586 198.6677531 197.4035804 193.4097547 230.9019073 232.9136666 188.7488765 183.4821941 181.1582516 176.3922010 240.7982827 241.5086329 173.7314210 167.0575839 162.4999962 254.0215863 255.8968980 258.4408534 154.2403095 143.9237936 138.8067208 137.6731216 269.7415907 276.3069459 281.5255651 129.1433849 285.9889983 291.9585224 116.4300395 112.1999307 100.9680173 86.32793548 83.98234625 81.22676705 78.03960074 74.43271609 70.44390664 66.14480685 61.61852137 56.87964213 51.87099719 310.0789269 313.6912653 46.64536067 41.44598884 36.53559657 326.2251560 32.27750624 29.82595695 351.1653307 355.9488272 363.1267926 379.1532359 407.1799463 423.6289767 457.1613155 475.1282004 480.5033091 493.2295247 541.6274606 572.8360602 585.6194953 591.5007788 604.4355898 667.9390742 665.0543063 730.4726570 752.6286566 865.6007178 877.4542968 956.6840598 986.7317673 992.9647301 1110.724086 1164.897223 1180.731708 1353.708769 1578.078479 1665.768035 1731.164064 1838.522330 1883.966473 1934.328848 2195.810572 2270.588064 2329.248979 2859.155704 2894.679509 3252.189426 3751.152973 3839.533708 4348.450160 4424.138586 4745.397095 5310.757758 5935.062969 6441.608741 6908.345992 7082.210379 7257.629323 8324.134618 9593.201331 9741.268474 10238.61950 11295.75426 12110.28641 12960.86356 13255.18115 15111.46207 15543.98612 18062.61019 18736.98845 20280.26050 23701.79963 26345.24167 25993.24629 28288.54266 30604.78148 33469.69006 45255.72547 51600.82905 59746.14170 118360.4705 8177507.304 38373069.60
      sorted:	 29.82595695 32.27750624 36.53559657 41.44598884 46.64536067 51.87099719 56.87964213 61.61852137 66.14480685 70.44390664 74.43271609 78.03960074 81.22676705 83.98234625 86.32793548 96.38285597 96.38285597 96.38285597 96.38285597 96.38285597 96.38285597 96.38285597 96.38285597 96.38285597 96.38285597 100.9680173 112.1999307 116.4300395 129.1433849 137.6731216 138.8067208 143.9237936 154.2403095 162.4999962 167.0575839 173.7314210 176.3922010 181.1582516 183.4821941 188.7488765 193.4097547 197.4035804 198.6677531 199.9258586 209.1931214 210.5569330 213.8803476 215.5063383 216.2726186 222.4786312 222.6308413 230.9019073 232.9136666 240.7982827 241.5086329 254.0215863 255.8968980 258.4408534 269.7415907 276.3069459 281.5255651 285.9889983 291.9585224 310.0789269 313.6912653 326.2251560 351.1653307 355.9488272 363.1267926 379.1532359 407.1799463 423.6289767 457.1613155 475.1282004 480.5033091 493.2295247 541.6274606 572.8360602 585.6194953 591.5007788 604.4355898 665.0543063 667.9390742 730.4726570 752.6286566 865.6007178 877.4542968 956.6840598 986.7317673 992.9647301 1110.724086 1164.897223 1180.731708 1353.708769 1578.078479 1665.768035 1731.164064 1838.522330 1883.966473 1934.328848 2195.810572 2270.588064 2329.248979 2859.155704 2894.679509 3252.189426 3751.152973 3839.533708 4348.450160 4424.138586 4745.397095 5310.757758 5935.062969 6441.608741 6908.345992 7082.210379 7257.629323 8324.134618 9593.201331 9741.268474 10238.61950 11295.75426 12110.28641 12960.86356 13255.18115 15111.46207 15543.98612 18062.61019 18736.98845 20280.26050 23701.79963 25993.24629 26345.24167 28288.54266 30604.78148 33469.69006 45255.72547 51600.82905 59746.14170 118360.4705 8177507.304 38373069.60
