    unsorted:	 96.38285597 96.38285597 96.38285597 96.38285597 96.38285597 96.38285597 96.38285597 96.38285597 96.38285597 96.38285597 96.31300990 96.31129591 96.31416542 96.30840948 96.30510021 96.30287508 96.32011143 96.29530250 96.29405190 96.33158028 96.27970118 96.34667758 96.25784845 96.38401751 96.22770027 96.19185866 96.15619280 96.13692854 96.11567146 96.08062231 96.03181602 96.50072738 96.50888681 95.96974342 95.89418829 95.80932787 95.72309997 95.63195155 95.52509700 95.41932015 95.35903079 95.22386636 94.94567478 94.94147984 95.07472912 94.86613232 94.79275381 94.71954608 94.64687697 94.57644855 94.50831685 94.44582530 94.38718646 94.33545448 94.29002504 94.25358317 94.22492574 94.21638511 97.19771575 97.69115601 93.46668347 98.84717668 101.3461553 102.4794306 74.63017792 201.7695487 318.0523005 337.9981024 372.7147986 478.8640240 675.2756383 1017.444831 1075.982323 1376.674564 1706.698272 2519.472017 2438.235399 4001.306547 4832.010150 32164.29240 126718.2324 236770678.9
      sorted:	 74.63017792 93.46668347 94.21638511 94.22492574 94.25358317 94.29002504 94.33545448 94.38718646 94.44582530 94.50831685 94.57644855 94.64687697 94.71954608 94.79275381 94.86613232 94.94147984 94.94567478 95.07472912 95.22386636 95.35903079 95.41932015 95.52509700 95.63195155 95.72309997 95.80932787 95.89418829 95.96974342 96.03181602 96.08062231 96.11567146 96.13692854 96.15619280 96.19185866 96.22770027 96.25784845 96.27970118 96.29405190 96.29530250 96.30287508 96.30510021 96.30840948 96.31129591 96.31300990 96.31416542 96.32011143 96.33158028 96.34667758 96.38285597 96.38285597 96.38285597 96.38285597 96.38285597 96.38285597 96.38285597 96.38285597 96.38285597 96.38285597 96.38401751 96.50072738 96.50888681 97.19771575 97.69115601 98.84717668 101.3461553 102.4794306 201.7695487 318.0523005 337.9981024 372.7147986 478.8640240 675.2756383 1017.444831 1075.982323 1376.674564 1706.698272 2438.235399 2519.472017 4001.306547 4832.010150 32164.29240 126718.2324 236770678.9
