    unsorted:	 96.38285597 96.38285597 96.38285597 96.38285597 96.38285597 96.38285597 96.38285597 96.38285597 96.38285597 96.38285597 96.21737029 96.21336512 96.21485430 96.21121601 96.20980558 96.20790724 96.20654575 96.20490120 96.20355618 96.20228482 96.21895185 96.20096670 96.20011222 96.19930011 96.22194055 96.19788480 96.22375330 96.22670253 96.19586920 96.22971125 96.19412851 96.23126822 96.19288007 96.19209192 96.23532784 96.23690105 96.23977133 96.24378264 96.24624601 96.24959211 96.25380152 96.25713917 96.26025253 96.26464241 96.26899995 96.27138686 96.18242015 96.27523995 96.28015039 96.28511726 96.28822941 96.29031589 96.29512163 96.29989312 96.30455528 96.30912098 96.31121192 96.31475697 96.32781677 96.33768525 96.12963934 96.36230635 96.37338527 96.38401914 96.39141493 96.05809754 95.95949739 96.51660560 95.79808940 95.66837535 95.60758146 96.79709758 95.49792760 95.45486989 95.28892282 97.79740915 94.74312107 99.11078047 93.75864444 100.6981424 100.9334941 102.2622232 102.6433318 90.36808987 104.6762933 105.1977106 106.9458229 107.6559380 109.1889413 110.4173461 111.1584635 83.81438104 115.2277455 123.9463733 130.6602388 66.78450913 134.0972624 150.1962036 46.47900256 161.8480991 212.6548145 315.4338065 396.7953193 496.6908979 20881.24368 23791.94738 218391.1161
      sorted:	 46.47900256 66.78450913 83.81438104 90.36808987 93.75864444 94.74312107 95.28892282 95.45486989 95.49792760 95.60758146 95.66837535 95.79808940 95.95949739 96.05809754 96.12963934 96.18242015 96.19209192 96.19288007 96.19412851 96.19586920 96.19788480 96.19930011 96.20011222 96.20096670 96.20228482 96.20355618 96.20490120 96.20654575 96.20790724 96.20980558 96.21121601 96.21336512 96.21485430 96.21737029 96.21895185 96.22194055 96.22375330 96.22670253 96.22971125 96.23126822 96.23532784 96.23690105 96.23977133 96.24378264 96.24624601 96.24959211 96.25380152 96.25713917 96.26025253 96.26464241 96.26899995 96.27138686 96.27523995 96.28015039 96.28511726 96.28822941 96.29031589 96.29512163 96.29989312 96.30455528 96.30912098 96.31121192 96.31475697 96.32781677 96.33768525 96.36230635 96.37338527 96.38285597 96.38285597 96.38285597 96.38285597 96.38285597 96.38285597 96.38285597 96.38285597 96.38285597 96.38285597 96.38401914 96.39141493 96.51660560 96.79709758 97.79740915 99.11078047 100.6981424 100.9334941 102.2622232 102.6433318 104.6762933 105.1977106 106.9458229 107.6559380 109.1889413 110.4173461 111.1584635 115.2277455 123.9463733 130.6602388 134.0972624 150.1962036 161.8480991 212.6548145 315.4338065 396.7953193 496.6908979 20881.24368 23791.94738 218391.1161
