    unsorted:	 96.38285597 96.38285597 96.38285597 96.38285597 96.38285597 96.38285597 96.38285597 96.38285597 96.38285597 96.38285597 94.97276170 94.97335958 94.97429322 94.97560319 94.97751862 94.98019703 94.98352259 94.98806682 94.96576611 94.96451235 94.99398374 95.00056351 95.00873357 95.01913259 95.03055227 95.04407245 95.05810495 95.07442059 95.09366990 95.11087150 95.14781728 95.18917877 95.21233229 95.23584384 95.25918832 95.28312885 95.30720039 95.33130758 95.35617023 95.38125314 95.40554485 95.42947185 95.45435920 95.47994558 95.50476851 95.52827645 95.55273791 95.57910957 95.60533171 95.62879454 95.65217882 95.67879337 95.70566481 95.72815138 95.74961117 95.79151313 95.77545067 95.80002347 95.81792191 95.82527912 95.84019497 95.85991145 95.86820185 95.88105734 95.89817445 95.89588661 95.92171495 95.94651077 95.96918356 95.98875181 96.00715566 96.02719573 96.04937477 96.41087697 96.68161944 97.61975249 91.77462681 99.61381565 89.95977476 102.8452687 104.0438249 107.6018298 109.4690174 111.4311324 81.80585569 113.9796879 78.80224698 118.7246297 120.9532535 127.9072865 126.9786419 128.9144228 131.8460000 133.2737691 135.4450898 66.51976368 149.3655412 158.7321407 173.9067696 197.1590072 233.8145915 288.2139627 312.4494510 464.3052596 728.0700876 1107.777866 1468.393870 2053.267996 3553.717000 19252.11321 86685.92989 341889.0943
      sorted:	 66.51976368 78.80224698 81.80585569 89.95977476 91.77462681 94.96451235 94.96576611 94.97276170 94.97335958 94.97429322 94.97560319 94.97751862 94.98019703 94.98352259 94.98806682 94.99398374 95.00056351 95.00873357 95.01913259 95.03055227 95.04407245 95.05810495 95.07442059 95.09366990 95.11087150 95.14781728 95.18917877 95.21233229 95.23584384 95.25918832 95.28312885 95.30720039 95.33130758 95.35617023 95.38125314 95.40554485 95.42947185 95.45435920 95.47994558 95.50476851 95.52827645 95.55273791 95.57910957 95.60533171 95.62879454 95.65217882 95.67879337 95.70566481 95.72815138 95.74961117 95.77545067 95.79151313 95.80002347 95.81792191 95.82527912 95.84019497 95.85991145 95.86820185 95.88105734 95.89588661 95.89817445 95.92171495 95.94651077 95.96918356 95.98875181 96.00715566 96.02719573 96.04937477 96.38285597 96.38285597 96.38285597 96.38285597 96.38285597 96.38285597 96.38285597 96.38285597 96.38285597 96.38285597 96.41087697 96.68161944 97.61975249 99.61381565 102.8452687 104.0438249 107.6018298 109.4690174 111.4311324 113.9796879 118.7246297 120.9532535 126.9786419 127.9072865 128.9144228 131.8460000 133.2737691 135.4450898 149.3655412 158.7321407 173.9067696 197.1590072 233.8145915 288.2139627 312.4494510 464.3052596 728.0700876 1107.777866 1468.393870 2053.267996 3553.717000 19252.11321 86685.92989 341889.0943
