    unsorted:	 96.38285597 96.38285597 96.38285597 96.38285597 96.38285597 96.38285597 96.38285597 96.38285597 96.38285597 96.38285597 93.44049973 93.52563836 93.30285789 93.72834198 93.91860196 94.09353289 94.19484569 94.27218577 94.42181501 93.07245923 94.56409175 92.83431966 92.62047802 92.45137887 94.69707719 94.82058289 92.21186665 91.86177937 91.47671498 91.07993098 90.74602766 90.45813611 90.04105171 89.71082854 89.48536079 88.98878729 88.47908714 88.03845689 87.61067887 87.08925475 86.54364830 86.05834566 96.61914311 85.62778154 85.12574668 84.57998255 84.62979364 84.16586740 83.82402035 83.32017548 83.01485386 82.73219541 82.55959625 82.43960669 99.16435501 101.6729465 78.81367793 73.69438364 119.9563658 126.1985521 143.1567710 157.9188135 166.5721974 180.5820327 183.7324437 190.6185682 193.7162516 195.1717958 200.5292044 205.6072127 207.8423500 209.6837477 210.4914663 215.9113221 219.2076354 220.3122976 227.2382680 229.7885826 237.4780286 238.0212058 243.0877173 251.8941161 253.1264432 255.8466898 266.5555925 277.4423871 278.8623160 292.3873802 299.1126334 315.3110624 324.9148984 337.3572503 357.2519058 366.3975361 388.0650132 422.2171970 477.7826870 502.9516630 517.5443337 534.3117670 555.1985331 558.2670790 640.7840682 699.9872946 705.4530430 737.6268168 758.8558995 864.8897477 946.8123861 991.8785360 1047.866693 1059.904826 1191.544112 1380.176624 1478.958540 1694.779832 1727.306982 1756.712494 1968.861810 2207.767471 2299.826860 2422.677018 2632.023715 2817.169457 2867.396707 3387.726811 3413.186806 3804.762296 4309.802445 4714.238160 4961.996207 5112.587652 5191.312610 5449.893693 5943.054708 6093.884881 9243.171600 10071.08256 12702.78333 18378.92515 853572.6923 5877744.703
      sorted:	 73.69438364 78.81367793 82.43960669 82.55959625 82.73219541 83.01485386 83.32017548 83.82402035 84.16586740 84.57998255 84.62979364 85.12574668 85.62778154 86.05834566 86.54364830 87.08925475 87.61067887 88.03845689 88.47908714 88.98878729 89.48536079 89.71082854 90.04105171 90.45813611 90.74602766 91.07993098 91.47671498 91.86177937 92.21186665 92.45137887 92.62047802 92.83431966 93.07245923 93.30285789 93.44049973 93.52563836 93.72834198 93.91860196 94.09353289 94.19484569 94.27218577 94.42181501 94.56409175 94.69707719 94.82058289 96.38285597 96.38285597 96.38285597 96.38285597 96.38285597 96.38285597 96.38285597 96.38285597 96.38285597 96.38285597 96.61914311 99.16435501 101.6729465 119.9563658 126.1985521 143.1567710 157.9188135 166.5721974 180.5820327 183.7324437 190.6185682 193.7162516 195.1717958 200.5292044 205.6072127 207.8423500 209.6837477 210.4914663 215.9113221 219.2076354 220.3122976 227.2382680 229.7885826 237.4780286 238.0212058 243.0877173 251.8941161 253.1264432 255.8466898 266.5555925 277.4423871 278.8623160 292.3873802 299.1126334 315.3110624 324.9148984 337.3572503 357.2519058 366.3975361 388.0650132 422.2171970 477.7826870 502.9516630 517.5443337 534.3117670 555.1985331 558.2670790 640.7840682 699.9872946 705.4530430 737.6268168 758.8558995 864.8897477 946.8123861 991.8785360 1047.866693 1059.904826 1191.544112 1380.176624 1478.958540 1694.779832 1727.306982 1756.712494 1968.861810 2207.767471 2299.826860 2422.677018 2632.023715 2817.169457 2867.396707 3387.726811 3413.186806 3804.762296 4309.802445 4714.238160 4961.996207 5112.587652 5191.312610 5449.893693 5943.054708 6093.884881 9243.171600 10071.08256 12702.78333 18378.92515 853572.6923 5877744.703
