    unsorted:	 96.38285597 86.30707933 85.86822232 85.51593237 87.01347800 87.67942907 88.30305749 88.88636235 89.43041225 84.71235061 89.93792553 90.41079156 83.84797698 90.85068493 82.93468170 81.99118621 81.08091577 80.09352797 79.79814314 79.04791092 93.11082185 77.75318809 76.28621867 95.55459847 74.73563011 73.19478466 71.99443481 71.14662619 69.90260816 68.99636654 68.27797433 67.49852666 67.06240937 66.65396613 66.45306951 100.4942307 102.2805026 108.0939316 109.5345480 115.6783262 120.7114599 122.8106222 126.7178178 128.3056215 129.6996447 133.0937411 134.5648750 135.8026243 141.5402843 38.61017031 191.7538166 190.7855882 186.4835355 225.1876523 232.3947654 243.2036634 264.6012080 270.0356453 275.9237721 278.6887145 290.3937432 294.3238434 302.9156679 303.5412467 313.6903090 316.8907907 321.4579920 326.3990771 340.2718244 357.4613086 360.8454841 394.4830186 395.7425460 416.9777606 439.1143299 488.0331129 483.2090610 528.2483181 527.8271424 519.5578142 564.3673837 623.6570817 616.7654089 700.4307874 716.8415526 756.8622567 790.3802094 825.5741717 870.1529007 904.1429797 923.4589867 1003.509752 1122.991740 1155.736106 1209.568020 1317.481676 1383.360003 1475.433299 1538.002772 1559.043542 1655.720182 1719.118748 1797.735462 1928.573841 2002.944051 2024.515199 2257.255058 2277.179346 2572.129424 2669.745835 2682.466455 3061.545517 3124.071910 3235.997465 3664.470075 3720.467616 4629.110517 4865.790627 5130.239823 5413.392005 6031.369672 6530.938854 7876.512653 7968.535369 8302.162796 9185.673824 10385.53943 11049.32102 12160.68081 12645.94389 21498.74781 877170.6318 6297222.455
      sorted:	 38.61017031 66.45306951 66.65396613 67.06240937 67.49852666 68.27797433 68.99636654 69.90260816 71.14662619 71.99443481 73.19478466 74.73563011 76.28621867 77.75318809 79.04791092 79.79814314 80.09352797 81.08091577 81.99118621 82.93468170 83.84797698 84.71235061 85.51593237 85.86822232 86.30707933 87.01347800 87.67942907 88.30305749 88.88636235 89.43041225 89.93792553 90.41079156 90.85068493 93.11082185 95.55459847 96.38285597 100.4942307 102.2805026 108.0939316 109.5345480 115.6783262 120.7114599 122.8106222 126.7178178 128.3056215 129.6996447 133.0937411 134.5648750 135.8026243 141.5402843 186.4835355 190.7855882 191.7538166 225.1876523 232.3947654 243.2036634 264.6012080 270.0356453 275.9237721 278.6887145 290.3937432 294.3238434 302.9156679 303.5412467 313.6903090 316.8907907 321.4579920 326.3990771 340.2718244 357.4613086 360.8454841 394.4830186 395.7425460 416.9777606 439.1143299 483.2090610 488.0331129 519.5578142 527.8271424 528.2483181 564.3673837 616.7654089 623.6570817 700.4307874 716.8415526 756.8622567 790.3802094 825.5741717 870.1529007 904.1429797 923.4589867 1003.509752 1122.991740 1155.736106 1209.568020 1317.481676 1383.360003 1475.433299 1538.002772 1559.043542 1655.720182 1719.118748 1797.735462 1928.573841 2002.944051 2024.515199 2257.255058 2277.179346 2572.129424 2669.745835 2682.466455 3061.545517 3124.071910 3235.997465 3664.470075 3720.467616 4629.110517 4865.790627 5130.239823 5413.392005 6031.369672 6530.938854 7876.512653 7968.535369 8302.162796 9185.673824 10385.53943 11049.32102 12160.68081 12645.94389 21498.74781 877170.6318 6297222.455
