    unsorted:	 96.38285597 96.38285597 96.38285597 96.38285597 96.38285597 96.38285597 96.38285597 96.38285597 96.38285597 96.38285597 78.62233975 78.98202119 79.87228761 80.88090921 81.30699874 82.05206606 77.56665040 77.14706703 83.03499934 83.98304081 76.24100755 75.88427777 84.87983291 85.72123559 86.50532328 87.22801178 87.86707726 75.03971347 74.58502799 88.32329534 88.72659747 89.26155788 73.77728958 73.29669631 72.57154756 72.16688604 71.65160407 71.37639572 71.15606636 92.70863026 97.15309380 101.2964764 104.2223384 112.5083799 120.5977979 121.5666738 127.1252096 130.8048372 142.8322786 145.4210741 139.8121715 148.2389096 149.9220027 155.0761807 156.0488000 156.9649674 157.5112979 160.8895252 164.2587758 165.9529396 168.1049350 169.9698509 171.4895473 172.8327643 175.2570643 175.5092496 177.4363292 179.2195356 179.4909802 181.0789649 187.8089983 187.3757817 188.7093392 190.7975485 194.8541474 196.9657848 197.6007692 201.2730804 204.1199191 206.8969605 208.5143605 212.3902689 214.4378778 215.3819853 216.4082316 217.2982914 217.6752883 221.2091912 228.8173545 230.9021674 237.6496018 245.2927304 248.7346913 252.1400370 265.9548234 271.0310429 291.0568214 0.02962131099 306.9399983 310.1562693 322.8890852 327.2340926 342.0002032 354.3252594 364.1141497 365.9328492 405.1358141 427.8659030 452.5054371 456.4235679 473.8747168 532.1863397 542.9852574 589.7377062 624.9342590 646.4786463 737.6406360 804.6569026 856.5660428 916.3995917 958.4191390 1006.057729 1232.759766 1325.208779 1408.551338 1625.902841 2227.988155 2361.110447 2685.756727 3053.157377 3508.657088 4033.361140 4485.294555 4576.729634 4713.009695 6203.938371 6786.587173 7004.502415 7546.497138 12630.12073 23352.99649 671570.2771
      sorted:	 0.02962131099 71.15606636 71.37639572 71.65160407 72.16688604 72.57154756 73.29669631 73.77728958 74.58502799 75.03971347 75.88427777 76.24100755 77.14706703 77.56665040 78.62233975 78.98202119 79.87228761 80.88090921 81.30699874 82.05206606 83.03499934 83.98304081 84.87983291 85.72123559 86.50532328 87.22801178 87.86707726 88.32329534 88.72659747 89.26155788 92.70863026 96.38285597 96.38285597 96.38285597 96.38285597 96.38285597 96.38285597 96.38285597 96.38285597 96.38285597 96.38285597 97.15309380 101.2964764 104.2223384 112.5083799 120.5977979 121.5666738 127.1252096 130.8048372 139.8121715 142.8322786 145.4210741 148.2389096 149.9220027 155.0761807 156.0488000 156.9649674 157.5112979 160.8895252 164.2587758 165.9529396 168.1049350 169.9698509 171.4895473 172.8327643 175.2570643 175.5092496 177.4363292 179.2195356 179.4909802 181.0789649 187.3757817 187.8089983 188.7093392 190.7975485 194.8541474 196.9657848 197.6007692 201.2730804 204.1199191 206.8969605 208.5143605 212.3902689 214.4378778 215.3819853 216.4082316 217.2982914 217.6752883 221.2091912 228.8173545 230.9021674 237.6496018 245.2927304 248.7346913 252.1400370 265.9548234 271.0310429 291.0568214 306.9399983 310.1562693 322.8890852 327.2340926 342.0002032 354.3252594 364.1141497 365.9328492 405.1358141 427.8659030 452.5054371 456.4235679 473.8747168 532.1863397 542.9852574 589.7377062 624.9342590 646.4786463 737.6406360 804.6569026 856.5660428 916.3995917 958.4191390 1006.057729 1232.759766 1325.208779 1408.551338 1625.902841 2227.988155 2361.110447 2685.756727 3053.157377 3508.657088 4033.361140 4485.294555 4576.729634 4713.009695 6203.938371 6786.587173 7004.502415 7546.497138 12630.12073 23352.99649 671570.2771
