    unsorted:	 96.38285597 96.38285597 96.38285597 96.38285597 96.38285597 96.38285597 96.38285597 96.38285597 96.38285597 96.38285597 96.76594054 96.76708311 96.76396050 96.76981297 96.77110217 96.77224075 96.77393344 96.76126167 96.75993842 96.77637863 96.77793009 96.78170957 96.78024961 96.78218871 96.78398094 96.75619357 96.75435340 96.75145852 96.74820007 96.74761665 96.74363771 96.78624576 96.74074064 96.73876935 96.73542902 96.73350553 96.73172931 96.72884450 96.72669740 96.72553856 96.72437076 96.72314037 96.72228302 96.78974843 96.79382443 96.79266004 96.79501255 96.79592536 96.79612288 96.79687223 96.79708326 96.71809333 96.71094441 96.70359634 96.69627584 96.69018758 96.68395390 96.67595793 96.66707034 96.65760229 96.64766386 96.63738812 96.62692588 96.61642064 96.60598902 96.59570394 96.58558637 96.57561564 96.56574811 96.55587689 96.54360328 96.53105048 96.24089651 96.14117383 95.79537193 97.65796266 95.61337609 94.83989175 98.94575257 93.51786185 91.50639483 101.8794202 88.53175759 106.7638914 84.26426933 84.20766399 78.45250692 120.3339825 71.12143903 129.9028085 62.28127010 52.50114681 146.7547370 44.27554322 158.0552493 170.3470903 177.1832786 217.3812891 308.9278784 513.7620657 1392.539129 13318.67527 21973.63381 39516.20128
      sorted:	 44.27554322 52.50114681 62.28127010 71.12143903 78.45250692 84.20766399 84.26426933 88.53175759 91.50639483 93.51786185 94.83989175 95.61337609 95.79537193 96.14117383 96.24089651 96.38285597 96.38285597 96.38285597 96.38285597 96.38285597 96.38285597 96.38285597 96.38285597 96.38285597 96.38285597 96.53105048 96.54360328 96.55587689 96.56574811 96.57561564 96.58558637 96.59570394 96.60598902 96.61642064 96.62692588 96.63738812 96.64766386 96.65760229 96.66707034 96.67595793 96.68395390 96.69018758 96.69627584 96.70359634 96.71094441 96.71809333 96.72228302 96.72314037 96.72437076 96.72553856 96.72669740 96.72884450 96.73172931 96.73350553 96.73542902 96.73876935 96.74074064 96.74363771 96.74761665 96.74820007 96.75145852 96.75435340 96.75619357 96.75993842 96.76126167 96.76396050 96.76594054 96.76708311 96.76981297 96.77110217 96.77224075 96.77393344 96.77637863 96.77793009 96.78024961 96.78170957 96.78218871 96.78398094 96.78624576 96.78974843 96.79266004 96.79382443 96.79501255 96.79592536 96.79612288 96.79687223 96.79708326 97.65796266 98.94575257 101.8794202 106.7638914 120.3339825 129.9028085 146.7547370 158.0552493 170.3470903 177.1832786 217.3812891 308.9278784 513.7620657 1392.539129 13318.67527 21973.63381 39516.20128
