    unsorted:	 96.38285597 96.38285597 96.38285597 96.38285597 96.38285597 96.38285597 96.38285597 96.38285597 96.38285597 96.38285597 96.33900713 96.33045678 96.34617697 96.32026865 96.35218543 96.30814132 96.29372287 96.27660371 96.25630846 96.23228603 96.20389684 96.17039535 96.13090784 96.08440582 96.02967998 95.96532288 95.88972928 95.80111922 95.69758063 95.57711294 95.43769915 95.27754410 95.09536559 94.89042956 94.66216629 94.38238389 94.18672261 94.06853351 93.80643300 93.71504964 93.42504450 92.98649112 92.51882839 92.21203815 91.72190516 90.97024155 90.01538356 88.83545542 87.42681825 85.86227316 104.8221291 84.25757207 105.7828605 82.61772300 80.89712572 78.89910208 76.91989435 75.27506317 74.13070847 137.8687928 157.5762039 157.4365672 159.1078995 159.2632220 172.7372466 167.8503007 169.4898831 184.7540056 185.5234479 187.5229728 191.9509618 199.5481715 199.6774172 199.1193148 201.6673364 204.6930577 207.0385874 207.9247903 212.1440257 215.9639528 220.1581713 224.2602873 226.0691766 228.3354533 234.3101195 248.0303089 251.5311311 253.1659724 259.3762094 269.4887334 270.4677514 282.1974764 286.6025550 290.5751122 315.0026518 334.3572563 348.6991832 360.4465575 376.6745842 386.1315244 425.0862025 433.1115282 450.6874367 479.9299483 495.8723436 507.5606934 518.7634065 565.2406626 572.0413901 581.9042136 636.8902128 639.9535810 703.6528402 733.4279729 835.8032994 987.6547036 1042.414727 1066.192802 1105.183424 1138.533951 1156.869017 1191.943761 1271.504793 1310.392141 1335.183253 1435.166477 1457.089822 1496.921130 1601.798748 1763.234381 1787.176145 1888.258823 1928.180110 2025.205273 2251.549067 2701.081023 3321.571570 4792.833739 10253.26331 12569.14993 430284.9924 36168250.97
      sorted:	 74.13070847 75.27506317 76.91989435 78.89910208 80.89712572 82.61772300 84.25757207 85.86227316 87.42681825 88.83545542 90.01538356 90.97024155 91.72190516 92.21203815 92.51882839 92.98649112 93.42504450 93.71504964 93.80643300 94.06853351 94.18672261 94.38238389 94.66216629 94.89042956 95.09536559 95.27754410 95.43769915 95.57711294 95.69758063 95.80111922 95.88972928 95.96532288 96.02967998 96.08440582 96.13090784 96.17039535 96.20389684 96.23228603 96.25630846 96.27660371 96.29372287 96.30814132 96.32026865 96.33045678 96.33900713 96.34617697 96.35218543 96.38285597 96.38285597 96.38285597 96.38285597 96.38285597 96.38285597 96.38285597 96.38285597 96.38285597 96.38285597 104.8221291 105.7828605 137.8687928 157.4365672 157.5762039 159.1078995 159.2632220 167.8503007 169.4898831 172.7372466 184.7540056 185.5234479 187.5229728 191.9509618 199.1193148 199.5481715 199.6774172 201.6673364 204.6930577 207.0385874 207.9247903 212.1440257 215.9639528 220.1581713 224.2602873 226.0691766 228.3354533 234.3101195 248.0303089 251.5311311 253.1659724 259.3762094 269.4887334 270.4677514 282.1974764 286.6025550 290.5751122 315.0026518 334.3572563 348.6991832 360.4465575 376.6745842 386.1315244 425.0862025 433.1115282 450.6874367 479.9299483 495.8723436 507.5606934 518.7634065 565.2406626 572.0413901 581.9042136 636.8902128 639.9535810 703.6528402 733.4279729 835.8032994 987.6547036 1042.414727 1066.192802 1105.183424 1138.533951 1156.869017 1191.943761 1271.504793 1310.392141 1335.183253 1435.166477 1457.089822 1496.921130 1601.798748 1763.234381 1787.176145 1888.258823 1928.180110 2025.205273 2251.549067 2701.081023 3321.571570 4792.833739 10253.26331 12569.14993 430284.9924 36168250.97
