    unsorted:	 96.38285597 96.38285597 96.38285597 96.38285597 96.38285597 96.38285597 96.38285597 96.38285597 96.38285597 96.38285597 96.41493742 96.42063326 96.41008840 96.42731848 96.40596267 96.43515782 96.44434113 96.45508731 96.46764848 96.48231502 96.49942216 96.51935852 96.54257832 96.56963815 96.60383301 96.64415303 96.69152807 96.74705746 96.81193124 96.88738481 96.97462001 97.07365420 97.09959323 97.19040353 97.31992408 96.02045300 97.46558534 97.61786354 97.78161941 97.90927436 97.94222322 98.11958187 98.20113499 98.36628051 98.48006302 98.59360710 98.76695017 98.83763043 98.91707481 98.98173639 99.02020433 94.74330032 94.71490638 93.26698371 101.6299210 91.64258976 89.92061569 88.44114713 106.2601019 118.3428608 121.8974503 131.2492649 179.5569836 179.6953005 178.8717271 176.6110793 175.8057618 175.0733622 183.6585918 170.2990345 151.9961259 191.2420737 199.3484212 201.1114757 204.1552059 207.7253171 205.9913728 211.3296607 212.7264177 214.5939889 217.3514988 222.0596018 225.9804586 231.3745966 246.2355815 255.5438657 255.0314723 259.1824852 262.1244967 264.6191736 269.2777125 270.2418378 294.8890256 303.1298489 310.6660449 312.7692277 319.7874241 329.3652511 346.8037410 358.6644660 363.3028792 381.0162288 451.4331423 478.3011489 498.0903489 507.1518869 537.7965357 549.1614698 571.6976418 618.6115538 619.3351480 661.0892260 713.1249332 793.6244162 815.3090950 834.0399216 908.0963051 921.9344864 1021.062400 1073.835561 1084.702539 1147.715193 1191.201487 1254.702648 1288.837379 1369.079692 1380.553724 1426.675308 1551.038200 1594.493709 1624.638974 1710.740539 1792.495624 1835.182424 2016.424460 2093.940320 2467.187470 3015.650845 4750.559784 12583.11951 400331.9056 46581337.43
      sorted:	 88.44114713 89.92061569 91.64258976 93.26698371 94.71490638 94.74330032 96.02045300 96.38285597 96.38285597 96.38285597 96.38285597 96.38285597 96.38285597 96.38285597 96.38285597 96.38285597 96.38285597 96.40596267 96.41008840 96.41493742 96.42063326 96.42731848 96.43515782 96.44434113 96.45508731 96.46764848 96.48231502 96.49942216 96.51935852 96.54257832 96.56963815 96.60383301 96.64415303 96.69152807 96.74705746 96.81193124 96.88738481 96.97462001 97.07365420 97.09959323 97.19040353 97.31992408 97.46558534 97.61786354 97.78161941 97.90927436 97.94222322 98.11958187 98.20113499 98.36628051 98.48006302 98.59360710 98.76695017 98.83763043 98.91707481 98.98173639 99.02020433 101.6299210 106.2601019 118.3428608 121.8974503 131.2492649 151.9961259 170.2990345 175.0733622 175.8057618 176.6110793 178.8717271 179.5569836 179.6953005 183.6585918 191.2420737 199.3484212 201.1114757 204.1552059 205.9913728 207.7253171 211.3296607 212.7264177 214.5939889 217.3514988 222.0596018 225.9804586 231.3745966 246.2355815 255.0314723 255.5438657 259.1824852 262.1244967 264.6191736 269.2777125 270.2418378 294.8890256 303.1298489 310.6660449 312.7692277 319.7874241 329.3652511 346.8037410 358.6644660 363.3028792 381.0162288 451.4331423 478.3011489 498.0903489 507.1518869 537.7965357 549.1614698 571.6976418 618.6115538 619.3351480 661.0892260 713.1249332 793.6244162 815.3090950 834.0399216 908.0963051 921.9344864 1021.062400 1073.835561 1084.702539 1147.715193 1191.201487 1254.702648 1288.837379 1369.079692 1380.553724 1426.675308 1551.038200 1594.493709 1624.638974 1710.740539 1792.495624 1835.182424 2016.424460 2093.940320 2467.187470 3015.650845 4750.559784 12583.11951 400331.9056 46581337.43
