    unsorted:	 96.38285597 96.38285597 96.38285597 96.38285597 96.38285597 96.38285597 96.38285597 96.38285597 96.38285597 96.38285597 95.29508561 95.21681845 95.36957519 95.13361919 95.43944557 95.04400478 95.50499552 95.56669428 94.94832883 95.62511501 94.84616878 95.68089344 94.73703889 95.73498740 94.62041102 94.49571378 94.36232844 94.21958419 95.88049034 94.06675355 93.90304860 93.72761980 93.53955988 93.33791437 93.12169387 92.88988343 92.64149462 92.37604358 92.09822045 91.88725753 91.72414240 91.42226266 91.08280009 90.71490040 90.31797044 89.89006968 89.43001500 88.93462642 88.40282405 87.83180171 87.22304587 86.63478856 86.39384394 85.80103859 85.05023909 84.25746428 83.52577847 82.95300849 100.5830336 82.14222884 81.12386498 101.8561153 79.99058840 78.75988314 77.44673054 76.12769521 75.07368144 73.93655256 72.35957822 108.0179868 70.60122965 109.6880247 68.88757577 67.53403982 65.92743225 63.97707662 62.24357646 60.77005984 117.5972324 59.02918882 57.53767152 56.32275456 55.18602345 54.42916363 53.92407912 123.1262045 124.0888724 126.0569658 131.3724626 47.31825415 134.3552808 136.3525428 137.9649669 147.4434482 161.1870964 171.3372977 178.0873210 0.03466005987 196.7347924 204.3070300 202.9928709 219.5311966 226.3394316 236.7263090 244.8881600 258.0544116 298.2338081 327.9975986 410.3141093 436.3333472 487.7083330 551.3570827 702.3766045 1157.159328 1436.252648 1838.526918 2338.667457 2720.047995 6231.213907 7599.369004 16062.75290 215340.7555
      sorted:	 0.03466005987 47.31825415 53.92407912 54.42916363 55.18602345 56.32275456 57.53767152 59.02918882 60.77005984 62.24357646 63.97707662 65.92743225 67.53403982 68.88757577 70.60122965 72.35957822 73.93655256 75.07368144 76.12769521 77.44673054 78.75988314 79.99058840 81.12386498 82.14222884 82.95300849 83.52577847 84.25746428 85.05023909 85.80103859 86.39384394 86.63478856 87.22304587 87.83180171 88.40282405 88.93462642 89.43001500 89.89006968 90.31797044 90.71490040 91.08280009 91.42226266 91.72414240 91.88725753 92.09822045 92.37604358 92.64149462 92.88988343 93.12169387 93.33791437 93.53955988 93.72761980 93.90304860 94.06675355 94.21958419 94.36232844 94.49571378 94.62041102 94.73703889 94.84616878 94.94832883 95.04400478 95.13361919 95.21681845 95.29508561 95.36957519 95.43944557 95.50499552 95.56669428 95.62511501 95.68089344 95.73498740 95.88049034 96.38285597 96.38285597 96.38285597 96.38285597 96.38285597 96.38285597 96.38285597 96.38285597 96.38285597 96.38285597 100.5830336 101.8561153 108.0179868 109.6880247 117.5972324 123.1262045 124.0888724 126.0569658 131.3724626 134.3552808 136.3525428 137.9649669 147.4434482 161.1870964 171.3372977 178.0873210 196.7347924 202.9928709 204.3070300 219.5311966 226.3394316 236.7263090 244.8881600 258.0544116 298.2338081 327.9975986 410.3141093 436.3333472 487.7083330 551.3570827 702.3766045 1157.159328 1436.252648 1838.526918 2338.667457 2720.047995 6231.213907 7599.369004 16062.75290 215340.7555
