    unsorted:	 96.38285597 96.38285597 96.38285597 96.38285597 96.38285597 96.38285597 96.38285597 96.38285597 96.38285597 96.38285597 94.83934861 94.69686869 94.97030356 95.09036355 94.54165321 95.20061507 94.37314759 95.30161320 94.19067535 95.39431599 95.47900027 93.99320655 93.77963040 93.54937967 93.30146916 93.03477017 92.74871849 92.44258757 92.11563017 91.76792244 91.40059647 91.01548136 90.61941087 90.34940500 90.17237087 89.79391108 89.66295569 89.39441861 89.27151031 89.04398077 88.83298146 88.69497128 88.37172906 88.30898390 96.72974688 87.82995922 87.13285334 86.05164125 84.33402347 81.64408347 107.3675405 77.59940330 108.9518674 71.90868505 64.54610002 127.2590819 130.8384371 55.81359116 143.0540240 47.77530357 172.4721190 183.7055936 188.1565764 191.6338897 194.6429142 200.2699957 204.3553349 209.0833574 211.0344361 212.2951842 219.8216727 220.7057281 225.8058066 225.9791120 224.2884186 233.0756913 238.2520489 239.3747957 240.8011052 253.1286754 274.0179239 283.4571200 288.2948610 307.5987427 302.2417551 322.8241185 333.5743282 355.6056675 363.1387089 371.9359105 371.1354131 398.6379616 402.4136513 438.5202307 472.8832487 476.9875453 506.6396488 505.5197768 532.2435113 608.6959158 608.1655187 630.8975483 675.8495308 692.2110592 888.2636906 912.7279831 935.4284244 991.9994928 1007.317773 1122.460489 1148.438135 1362.688429 1486.209706 1529.315621 1613.491249 1631.347062 1722.719469 1980.175863 2094.725911 2143.813805 2428.409711 2505.650836 2933.593313 3020.774642 3116.854779 3447.730733 3678.717449 3886.577523 4134.137259 4447.655116 4681.145331 5159.179842 5244.616891 5493.651756 6126.519551 7875.038777 9436.422817 11933.10687 12738.26434 32670.15243 1056758.118 18150105.35
      sorted:	 47.77530357 55.81359116 64.54610002 71.90868505 77.59940330 81.64408347 84.33402347 86.05164125 87.13285334 87.82995922 88.30898390 88.37172906 88.69497128 88.83298146 89.04398077 89.27151031 89.39441861 89.66295569 89.79391108 90.17237087 90.34940500 90.61941087 91.01548136 91.40059647 91.76792244 92.11563017 92.44258757 92.74871849 93.03477017 93.30146916 93.54937967 93.77963040 93.99320655 94.19067535 94.37314759 94.54165321 94.69686869 94.83934861 94.97030356 95.09036355 95.20061507 95.30161320 95.39431599 95.47900027 96.38285597 96.38285597 96.38285597 96.38285597 96.38285597 96.38285597 96.38285597 96.38285597 96.38285597 96.38285597 96.72974688 107.3675405 108.9518674 127.2590819 130.8384371 143.0540240 172.4721190 183.7055936 188.1565764 191.6338897 194.6429142 200.2699957 204.3553349 209.0833574 211.0344361 212.2951842 219.8216727 220.7057281 224.2884186 225.8058066 225.9791120 233.0756913 238.2520489 239.3747957 240.8011052 253.1286754 274.0179239 283.4571200 288.2948610 302.2417551 307.5987427 322.8241185 333.5743282 355.6056675 363.1387089 371.1354131 371.9359105 398.6379616 402.4136513 438.5202307 472.8832487 476.9875453 505.5197768 506.6396488 532.2435113 608.1655187 608.6959158 630.8975483 675.8495308 692.2110592 888.2636906 912.7279831 935.4284244 991.9994928 1007.317773 1122.460489 1148.438135 1362.688429 1486.209706 1529.315621 1613.491249 1631.347062 1722.719469 1980.175863 2094.725911 2143.813805 2428.409711 2505.650836 2933.593313 3020.774642 3116.854779 3447.730733 3678.717449 3886.577523 4134.137259 4447.655116 4681.145331 5159.179842 5244.616891 5493.651756 6126.519551 7875.038777 9436.422817 11933.10687 12738.26434 32670.15243 1056758.118 18150105.35
