    unsorted:	 96.38285597 96.38285597 96.38285597 96.38285597 96.38285597 96.38285597 96.38285597 96.38285597 96.38285597 96.38285597 94.56888795 94.50390017 94.47842834 94.38588105 94.65606174 94.74568645 94.30293836 94.27578377 94.20046895 94.11132938 94.82795054 94.90556633 94.02224006 93.99016281 93.93532456 93.85084376 94.98657946 95.07227608 95.15217127 93.77239863 95.22397917 93.69618335 93.62558140 93.55934495 93.49827556 93.44185471 93.39006976 93.34478260 93.31103707 93.28579533 93.29199454 95.33162197 95.45067403 95.54422967 95.58648585 95.61875232 95.66360927 95.71847254 95.81591689 95.94050962 96.03456246 96.38401619 96.14085637 96.48416606 96.72772214 92.18167839 97.67203032 98.22816992 90.06012184 101.8129071 104.7009264 108.5647531 111.5306351 118.6364424 123.2852554 52.89697981 150.2337900 152.8646263 162.5971105 177.5665606 188.0574734 192.0952022 209.3030330 215.1828706 222.7362284 243.6189240 279.9658466 355.0028761 369.7610243 420.4805438 452.1463623 480.4724939 653.5308892 772.0506733 915.9889813 1031.034437 1465.452872 1870.468534 2516.499007 25964.10024 97868.74242 167285997.2
      sorted:	 52.89697981 90.06012184 92.18167839 93.28579533 93.29199454 93.31103707 93.34478260 93.39006976 93.44185471 93.49827556 93.55934495 93.62558140 93.69618335 93.77239863 93.85084376 93.93532456 93.99016281 94.02224006 94.11132938 94.20046895 94.27578377 94.30293836 94.38588105 94.47842834 94.50390017 94.56888795 94.65606174 94.74568645 94.82795054 94.90556633 94.98657946 95.07227608 95.15217127 95.22397917 95.33162197 95.45067403 95.54422967 95.58648585 95.61875232 95.66360927 95.71847254 95.81591689 95.94050962 96.03456246 96.14085637 96.38285597 96.38285597 96.38285597 96.38285597 96.38285597 96.38285597 96.38285597 96.38285597 96.38285597 96.38285597 96.38401619 96.48416606 96.72772214 97.67203032 98.22816992 101.8129071 104.7009264 108.5647531 111.5306351 118.6364424 123.2852554 150.2337900 152.8646263 162.5971105 177.5665606 188.0574734 192.0952022 209.3030330 215.1828706 222.7362284 243.6189240 279.9658466 355.0028761 369.7610243 420.4805438 452.1463623 480.4724939 653.5308892 772.0506733 915.9889813 1031.034437 1465.452872 1870.468534 2516.499007 25964.10024 97868.74242 167285997.2
