    unsorted:	 96.38285597 96.38285597 96.38285597 96.38285597 96.38285597 96.38285597 96.38285597 96.38285597 96.38285597 96.38285597 96.31994246 96.31965864 96.32240878 96.32359693 96.31656424 96.32590372 96.31405340 96.30458315 96.33318912 96.29091338 96.34438018 96.34833699 96.27231846 96.02343304 96.01907354 96.01502666 96.02798706 96.01099089 96.00655017 96.03386775 96.00144879 96.04149661 95.99572824 96.04959646 95.98956596 95.98333252 96.05791429 95.97774515 96.06674984 96.07234356 95.97328119 95.96881178 95.96767400 96.08072181 96.09342123 96.10738847 96.12207342 96.13968700 96.17548599 96.17255492 96.22317665 96.20461728 96.24778664 96.37645968 96.41909908 96.47534006 96.74174195 97.04802479 97.21763506 95.09955869 98.69506026 92.76328675 101.8144274 106.5373426 109.7141868 111.0680136 77.74542578 121.3820278 220.4695562 290.1354059 351.1347840 6531.426977 41090.68917 1476206.589
      sorted:	 77.74542578 92.76328675 95.09955869 95.96767400 95.96881178 95.97328119 95.97774515 95.98333252 95.98956596 95.99572824 96.00144879 96.00655017 96.01099089 96.01502666 96.01907354 96.02343304 96.02798706 96.03386775 96.04149661 96.04959646 96.05791429 96.06674984 96.07234356 96.08072181 96.09342123 96.10738847 96.12207342 96.13968700 96.17255492 96.17548599 96.20461728 96.22317665 96.24778664 96.27231846 96.29091338 96.30458315 96.31405340 96.31656424 96.31965864 96.31994246 96.32240878 96.32359693 96.32590372 96.33318912 96.34438018 96.34833699 96.37645968 96.38285597 96.38285597 96.38285597 96.38285597 96.38285597 96.38285597 96.38285597 96.38285597 96.38285597 96.38285597 96.41909908 96.47534006 96.74174195 97.04802479 97.21763506 98.69506026 101.8144274 106.5373426 109.7141868 111.0680136 121.3820278 220.4695562 290.1354059 351.1347840 6531.426977 41090.68917 1476206.589
