    unsorted:	 96.38285597 96.38285597 96.38285597 96.38285597 96.38285597 96.38285597 96.38285597 96.38285597 96.38285597 96.38285597 87.05014798 86.42938643 86.14635613 87.85499252 88.59505823 89.27290726 89.89338086 90.46190118 85.20168768 90.98558351 91.50085984 84.16758253 83.05255250 92.50115962 81.85948320 80.59714321 79.29775661 78.57445858 77.84319035 76.55603118 76.03459897 75.12568711 74.40650271 73.82050178 73.18942701 72.72255736 72.25135645 71.90775300 71.62733367 71.46415444 95.35687639 98.17627954 102.5957402 104.3404966 111.4355670 119.1635210 121.0051134 154.2114390 154.0181564 153.6362114 153.1438084 158.6904726 160.3125362 161.2909759 162.5367367 163.2548373 148.4085136 166.2734952 169.8043851 170.4928945 168.9551985 145.2482165 142.3108083 140.1516213 136.6759622 128.0324184 175.1156634 175.8012029 177.6688320 178.0551548 180.1345691 179.9450549 181.9809484 182.8619375 183.4010685 186.0220313 190.4227315 190.2157414 192.2120572 198.3319669 200.1355966 200.6392571 212.3914140 213.0426905 218.2779221 219.1723512 222.2155804 234.8148486 238.0374717 242.6967968 246.3575492 252.1299247 255.3544118 266.3904173 278.1114125 289.1924890 299.7865489 303.6460867 321.8162105 357.6802428 362.0034177 384.0685135 427.7180139 446.4301054 460.2328218 497.9911183 507.5369028 516.9232984 549.7021015 614.4556740 627.7540504 643.8262091 727.9202906 759.8659233 769.4107041 790.2011481 978.4810950 1076.594756 1109.276003 1124.817027 1306.076572 1412.293821 1516.968872 1554.205507 1657.735528 1791.728975 1947.987959 2358.074119 2673.789407 2817.158801 2917.116149 3056.805727 3305.779736 3589.185107 3708.086155 4195.673156 4734.561443 6501.793830 7533.812438 12756.84403 34171.05245 776418.6507
      sorted:	 71.46415444 71.62733367 71.90775300 72.25135645 72.72255736 73.18942701 73.82050178 74.40650271 75.12568711 76.03459897 76.55603118 77.84319035 78.57445858 79.29775661 80.59714321 81.85948320 83.05255250 84.16758253 85.20168768 86.14635613 86.42938643 87.05014798 87.85499252 88.59505823 89.27290726 89.89338086 90.46190118 90.98558351 91.50085984 92.50115962 95.35687639 96.38285597 96.38285597 96.38285597 96.38285597 96.38285597 96.38285597 96.38285597 96.38285597 96.38285597 96.38285597 98.17627954 102.5957402 104.3404966 111.4355670 119.1635210 121.0051134 128.0324184 136.6759622 140.1516213 142.3108083 145.2482165 148.4085136 153.1438084 153.6362114 154.0181564 154.2114390 158.6904726 160.3125362 161.2909759 162.5367367 163.2548373 166.2734952 168.9551985 169.8043851 170.4928945 175.1156634 175.8012029 177.6688320 178.0551548 179.9450549 180.1345691 181.9809484 182.8619375 183.4010685 186.0220313 190.2157414 190.4227315 192.2120572 198.3319669 200.1355966 200.6392571 212.3914140 213.0426905 218.2779221 219.1723512 222.2155804 234.8148486 238.0374717 242.6967968 246.3575492 252.1299247 255.3544118 266.3904173 278.1114125 289.1924890 299.7865489 303.6460867 321.8162105 357.6802428 362.0034177 384.0685135 427.7180139 446.4301054 460.2328218 497.9911183 507.5369028 516.9232984 549.7021015 614.4556740 627.7540504 643.8262091 727.9202906 759.8659233 769.4107041 790.2011481 978.4810950 1076.594756 1109.276003 1124.817027 1306.076572 1412.293821 1516.968872 1554.205507 1657.735528 1791.728975 1947.987959 2358.074119 2673.789407 2817.158801 2917.116149 3056.805727 3305.779736 3589.185107 3708.086155 4195.673156 4734.561443 6501.793830 7533.812438 12756.84403 34171.05245 776418.6507
