    unsorted:	 96.38285597 96.38285597 96.38285597 96.38285597 96.38285597 96.38285597 96.38285597 96.38285597 96.38285597 96.38285597 83.87885197 85.46754951 85.20411570 85.91046730 86.10620414 84.77954595 86.63233370 86.89476164 87.29517019 84.06760932 87.71500254 88.21804568 88.75659214 82.98348917 83.20576182 82.39489388 82.17532336 89.28457326 81.62863696 81.39208611 80.71488518 80.94745365 80.42704018 80.26108206 80.14053149 89.78830071 90.26402188 90.71134752 91.13149536 91.52846964 92.95834862 95.73268727 100.2664015 101.1765950 106.0536564 112.7852013 113.4173491 118.2140862 120.3120200 127.5516695 127.9654962 128.4395204 130.9405932 136.0764831 141.2417464 143.9343025 144.4216311 146.8598719 148.5547495 150.9762628 154.5592518 155.0132679 156.3664046 158.7960571 159.9907997 162.3453246 164.4972388 167.4396803 168.5774715 170.3606407 171.2434731 171.9866635 172.4354880 174.0567601 174.6095590 182.5542504 184.9603481 190.0018297 191.0559642 194.4508366 193.9645178 193.1213076 194.8895228 196.4762173 198.9408608 204.0290576 206.0886941 208.7506716 211.7861597 220.7737461 228.3474457 230.0211356 234.7771039 239.1348679 249.4006400 271.5852165 280.7489425 0.01383912491 297.5430654 303.6840836 316.0925026 347.0788195 352.7462536 357.3140788 379.0490729 395.1190657 411.7967810 431.2939931 458.2977187 489.3932538 518.4478006 524.2740598 605.7860037 635.8351625 696.1429206 708.8537701 767.1875613 786.7482034 824.4206305 964.6146198 1003.237976 1053.073209 1073.264373 1127.544980 1570.463619 1700.357050 2096.288160 2178.584070 2858.949361 2855.968263 2829.951466 3149.142441 3304.387912 4102.932952 4193.200632 4701.628193 5624.731990 6272.875190 7074.615920 12688.43046 21634.80118 611823.2501
      sorted:	 0.01383912491 80.14053149 80.26108206 80.42704018 80.71488518 80.94745365 81.39208611 81.62863696 82.17532336 82.39489388 82.98348917 83.20576182 83.87885197 84.06760932 84.77954595 85.20411570 85.46754951 85.91046730 86.10620414 86.63233370 86.89476164 87.29517019 87.71500254 88.21804568 88.75659214 89.28457326 89.78830071 90.26402188 90.71134752 91.13149536 91.52846964 92.95834862 95.73268727 96.38285597 96.38285597 96.38285597 96.38285597 96.38285597 96.38285597 96.38285597 96.38285597 96.38285597 96.38285597 100.2664015 101.1765950 106.0536564 112.7852013 113.4173491 118.2140862 120.3120200 127.5516695 127.9654962 128.4395204 130.9405932 136.0764831 141.2417464 143.9343025 144.4216311 146.8598719 148.5547495 150.9762628 154.5592518 155.0132679 156.3664046 158.7960571 159.9907997 162.3453246 164.4972388 167.4396803 168.5774715 170.3606407 171.2434731 171.9866635 172.4354880 174.0567601 174.6095590 182.5542504 184.9603481 190.0018297 191.0559642 193.1213076 193.9645178 194.4508366 194.8895228 196.4762173 198.9408608 204.0290576 206.0886941 208.7506716 211.7861597 220.7737461 228.3474457 230.0211356 234.7771039 239.1348679 249.4006400 271.5852165 280.7489425 297.5430654 303.6840836 316.0925026 347.0788195 352.7462536 357.3140788 379.0490729 395.1190657 411.7967810 431.2939931 458.2977187 489.3932538 518.4478006 524.2740598 605.7860037 635.8351625 696.1429206 708.8537701 767.1875613 786.7482034 824.4206305 964.6146198 1003.237976 1053.073209 1073.264373 1127.544980 1570.463619 1700.357050 2096.288160 2178.584070 2829.951466 2855.968263 2858.949361 3149.142441 3304.387912 4102.932952 4193.200632 4701.628193 5624.731990 6272.875190 7074.615920 12688.43046 21634.80118 611823.2501
