    unsorted:	 96.38285597 96.38285597 96.38285597 96.38285597 96.38285597 96.38285597 96.38285597 96.38285597 96.38285597 96.38285597 95.98666036 95.99611949 95.97005094 95.96172021 95.94486570 95.93149665 95.91478185 95.89771935 96.01276780 95.88174543 95.85726875 95.83951305 96.03289235 95.80655666 96.05537098 95.76839576 96.07916521 95.72771099 95.68498995 95.64068098 96.10675638 95.59588271 95.55362090 95.51553143 95.47262471 95.42235524 95.36827629 95.31317348 95.26174564 95.21804885 95.16914628 95.11252388 95.05762978 95.01426729 94.88969206 94.93564911 94.84027187 94.79879890 94.75549752 94.71246015 94.67314438 94.63148304 94.59233906 94.55229156 94.51266561 94.47355777 94.43426446 94.39623016 94.36568819 94.35627472 94.32111020 94.28472748 94.24993215 94.21623983 94.18346088 94.15228769 94.12177289 94.09281580 94.06481509 94.03826409 94.01325955 93.98976175 93.96824173 93.94856008 93.93144452 93.91755581 93.90781423 93.90212000 93.89987283 96.26114059 96.45083506 97.25838543 91.32436253 89.53582753 86.35336433 106.4370332 109.8638701 79.36688444 122.3408762 71.29160051 128.9226681 63.46739923 135.0779286 56.64421141 145.2653985 195.2299380 215.3664870 225.8314304 241.9463054 274.6342628 286.3416152 297.2209882 338.7003585 367.0110293 456.4352553 493.4431800 567.0383087 629.2247789 921.4729806 1070.642031 1487.064726 1523.747715 1969.838469 2672.925003 3050.740381 3255.178784 3921.019548 4706.271360 6531.299670 16193.47028 287409.6581 12523215.57
      sorted:	 56.64421141 63.46739923 71.29160051 79.36688444 86.35336433 89.53582753 91.32436253 93.89987283 93.90212000 93.90781423 93.91755581 93.93144452 93.94856008 93.96824173 93.98976175 94.01325955 94.03826409 94.06481509 94.09281580 94.12177289 94.15228769 94.18346088 94.21623983 94.24993215 94.28472748 94.32111020 94.35627472 94.36568819 94.39623016 94.43426446 94.47355777 94.51266561 94.55229156 94.59233906 94.63148304 94.67314438 94.71246015 94.75549752 94.79879890 94.84027187 94.88969206 94.93564911 95.01426729 95.05762978 95.11252388 95.16914628 95.21804885 95.26174564 95.31317348 95.36827629 95.42235524 95.47262471 95.51553143 95.55362090 95.59588271 95.64068098 95.68498995 95.72771099 95.76839576 95.80655666 95.83951305 95.85726875 95.88174543 95.89771935 95.91478185 95.93149665 95.94486570 95.96172021 95.97005094 95.98666036 95.99611949 96.01276780 96.03289235 96.05537098 96.07916521 96.10675638 96.26114059 96.38285597 96.38285597 96.38285597 96.38285597 96.38285597 96.38285597 96.38285597 96.38285597 96.38285597 96.38285597 96.45083506 97.25838543 106.4370332 109.8638701 122.3408762 128.9226681 135.0779286 145.2653985 195.2299380 215.3664870 225.8314304 241.9463054 274.6342628 286.3416152 297.2209882 338.7003585 367.0110293 456.4352553 493.4431800 567.0383087 629.2247789 921.4729806 1070.642031 1487.064726 1523.747715 1969.838469 2672.925003 3050.740381 3255.178784 3921.019548 4706.271360 6531.299670 16193.47028 287409.6581 12523215.57
