    unsorted:	 96.38285597 96.38285597 96.38285597 96.38285597 96.38285597 96.38285597 96.38285597 96.38285597 96.38285597 96.38285597 95.53849904 95.53510239 95.53635714 95.54130073 95.54483499 95.53161056 95.53145291 95.54858153 95.55212434 95.55430101 95.55935241 95.56526335 95.57109505 95.57824245 95.58371611 95.59072815 95.59533138 95.59920834 95.60671613 95.61191659 95.61299946 95.61602479 95.62884030 95.64717816 95.66645927 95.68636749 95.70669865 95.72731401 95.74811878 95.76909028 95.78986819 95.81061642 95.47294995 95.83156315 95.85301767 95.87524643 95.89762422 95.92362997 95.94658299 95.96888590 95.99055557 96.01149687 96.03163661 96.05096341 96.06951831 96.08735341 96.10449647 96.12094508 96.13668126 96.15168766 96.16595623 96.17949041 96.19230359 96.20441670 96.21585554 96.22664777 96.23679985 96.24609605 96.25526534 96.26389620 96.27201247 96.27967300 96.28695415 96.29392378 96.30066670 96.30819471 95.32596391 95.06752591 94.62582541 96.74711470 93.88765051 92.69522880 91.64066543 90.80673340 102.0669435 103.0975556 88.07460957 84.29188560 79.53143283 114.3018479 117.0528230 74.40550005 121.5304221 70.13218190 145.3717543 178.5325159 186.5892204 184.1255399 194.7203098 207.2254236 222.3316148 260.5500147 261.9119783 293.0837502 320.6065734 354.6921091 396.9770663 421.8562010 549.1208318 692.8682666 742.2649344 1066.094404 1612.597627 1785.333826 1991.546112 3190.218286 3832.227876 5760.342332 6787.436445 16159.41248 190530.6426 786472.6334
      sorted:	 70.13218190 74.40550005 79.53143283 84.29188560 88.07460957 90.80673340 91.64066543 92.69522880 93.88765051 94.62582541 95.06752591 95.32596391 95.47294995 95.53145291 95.53161056 95.53510239 95.53635714 95.53849904 95.54130073 95.54483499 95.54858153 95.55212434 95.55430101 95.55935241 95.56526335 95.57109505 95.57824245 95.58371611 95.59072815 95.59533138 95.59920834 95.60671613 95.61191659 95.61299946 95.61602479 95.62884030 95.64717816 95.66645927 95.68636749 95.70669865 95.72731401 95.74811878 95.76909028 95.78986819 95.81061642 95.83156315 95.85301767 95.87524643 95.89762422 95.92362997 95.94658299 95.96888590 95.99055557 96.01149687 96.03163661 96.05096341 96.06951831 96.08735341 96.10449647 96.12094508 96.13668126 96.15168766 96.16595623 96.17949041 96.19230359 96.20441670 96.21585554 96.22664777 96.23679985 96.24609605 96.25526534 96.26389620 96.27201247 96.27967300 96.28695415 96.29392378 96.30066670 96.30819471 96.38285597 96.38285597 96.38285597 96.38285597 96.38285597 96.38285597 96.38285597 96.38285597 96.38285597 96.38285597 96.74711470 102.0669435 103.0975556 114.3018479 117.0528230 121.5304221 145.3717543 178.5325159 184.1255399 186.5892204 194.7203098 207.2254236 222.3316148 260.5500147 261.9119783 293.0837502 320.6065734 354.6921091 396.9770663 421.8562010 549.1208318 692.8682666 742.2649344 1066.094404 1612.597627 1785.333826 1991.546112 3190.218286 3832.227876 5760.342332 6787.436445 16159.41248 190530.6426 786472.6334
