    unsorted:	 96.38285597 96.38285597 96.38285597 96.38285597 96.38285597 96.38285597 96.38285597 96.38285597 96.38285597 96.38285597 91.57667144 91.73685588 91.95266906 91.22844735 92.27839613 90.84297392 92.58002898 90.42717092 92.86284899 89.98294230 89.50305623 88.98992662 88.44844174 87.87712530 87.31362690 86.87644156 86.29394554 95.50431449 85.53821396 84.89284145 84.59845788 97.37028486 97.99306452 83.71254014 99.08262436 99.13278457 82.75206131 100.7179358 81.75439561 101.8463567 102.7308466 80.68121676 104.2403024 105.2608113 105.1983156 79.49829064 108.8594493 108.8250570 107.9890033 78.22008690 76.98016481 76.81270314 75.56116221 74.23397247 74.53230876 113.1866119 113.6331535 114.2847003 115.1105661 116.3018256 117.2299210 117.4088123 118.6517071 72.82409610 121.3691955 122.2531388 123.9720402 125.0151907 124.8571395 71.38419505 126.3424463 70.03937458 68.82264090 128.5637227 67.66122048 66.63113478 65.64615631 133.3701096 133.7945304 135.5520563 136.0614177 137.2239173 140.3625446 140.2632772 139.6669644 63.28881336 61.76812158 146.4472562 147.9401175 149.2022879 59.40529901 152.7447939 153.5781118 153.7464487 155.2539209 160.3244433 163.9677434 169.0160689 173.8429531 176.4012240 178.7434596 184.9138574 185.6093906 187.1346227 195.2520286 205.3926615 208.1866955 210.6722072 223.4881946 232.5898852 248.1026182 257.4348215 267.2552130 280.1445817 308.0643724 321.2986090 360.1656771 399.4449957 409.6574615 427.9175178 462.6022014 484.8460526 526.1048179 583.8579431 605.7700100 648.2136775 858.0880493 927.7507693 1026.942477 1107.993461 1247.863334 1339.003932 1459.166022 1524.911587 1859.265107 1978.464087 2285.594760 2550.363268 4581.193258 13027.06521 320122.5898 1991787.062
      sorted:	 59.40529901 61.76812158 63.28881336 65.64615631 66.63113478 67.66122048 68.82264090 70.03937458 71.38419505 72.82409610 74.23397247 74.53230876 75.56116221 76.81270314 76.98016481 78.22008690 79.49829064 80.68121676 81.75439561 82.75206131 83.71254014 84.59845788 84.89284145 85.53821396 86.29394554 86.87644156 87.31362690 87.87712530 88.44844174 88.98992662 89.50305623 89.98294230 90.42717092 90.84297392 91.22844735 91.57667144 91.73685588 91.95266906 92.27839613 92.58002898 92.86284899 95.50431449 96.38285597 96.38285597 96.38285597 96.38285597 96.38285597 96.38285597 96.38285597 96.38285597 96.38285597 96.38285597 97.37028486 97.99306452 99.08262436 99.13278457 100.7179358 101.8463567 102.7308466 104.2403024 105.1983156 105.2608113 107.9890033 108.8250570 108.8594493 113.1866119 113.6331535 114.2847003 115.1105661 116.3018256 117.2299210 117.4088123 118.6517071 121.3691955 122.2531388 123.9720402 124.8571395 125.0151907 126.3424463 128.5637227 133.3701096 133.7945304 135.5520563 136.0614177 137.2239173 139.6669644 140.2632772 140.3625446 146.4472562 147.9401175 149.2022879 152.7447939 153.5781118 153.7464487 155.2539209 160.3244433 163.9677434 169.0160689 173.8429531 176.4012240 178.7434596 184.9138574 185.6093906 187.1346227 195.2520286 205.3926615 208.1866955 210.6722072 223.4881946 232.5898852 248.1026182 257.4348215 267.2552130 280.1445817 308.0643724 321.2986090 360.1656771 399.4449957 409.6574615 427.9175178 462.6022014 484.8460526 526.1048179 583.8579431 605.7700100 648.2136775 858.0880493 927.7507693 1026.942477 1107.993461 1247.863334 1339.003932 1459.166022 1524.911587 1859.265107 1978.464087 2285.594760 2550.363268 4581.193258 13027.06521 320122.5898 1991787.062
