    unsorted:	 96.38285597 96.38285597 96.38285597 96.38285597 96.38285597 96.38285597 96.38285597 96.38285597 96.38285597 96.38285597 96.22251519 96.21925621 96.23522794 96.24413219 96.25171246 96.20354009 96.26878009 96.28575265 96.29290452 96.30357255 96.31791003 96.32391359 96.32746366 96.18328173 96.15826511 96.15214768 96.12812672 96.35700715 96.10482487 96.09023692 96.06017316 96.02880115 95.99502219 96.42053862 95.95392713 95.90366859 95.84729155 95.78955148 95.73290763 95.67708673 95.62313663 95.57507496 95.54068415 95.50364033 95.52351141 95.49092510 95.47937291 95.47440000 95.47033461 95.45502969 96.60204047 96.83314718 97.02244228 97.30279447 97.78241933 94.19448470 99.12989302 101.2604099 89.01597826 83.76110610 81.03632995 112.8164254 125.5151417 136.3332402 147.2382000 148.0645345 152.3289419 160.9674200 180.9697941 12.11382997 209.8607071 306.3791218 597.8396348 932.6839663 38249.52032 35310.38574 46203236.35
      sorted:	 12.11382997 81.03632995 83.76110610 89.01597826 94.19448470 95.45502969 95.47033461 95.47440000 95.47937291 95.49092510 95.50364033 95.52351141 95.54068415 95.57507496 95.62313663 95.67708673 95.73290763 95.78955148 95.84729155 95.90366859 95.95392713 95.99502219 96.02880115 96.06017316 96.09023692 96.10482487 96.12812672 96.15214768 96.15826511 96.18328173 96.20354009 96.21925621 96.22251519 96.23522794 96.24413219 96.25171246 96.26878009 96.28575265 96.29290452 96.30357255 96.31791003 96.32391359 96.32746366 96.35700715 96.38285597 96.38285597 96.38285597 96.38285597 96.38285597 96.38285597 96.38285597 96.38285597 96.38285597 96.38285597 96.42053862 96.60204047 96.83314718 97.02244228 97.30279447 97.78241933 99.12989302 101.2604099 112.8164254 125.5151417 136.3332402 147.2382000 148.0645345 152.3289419 160.9674200 180.9697941 209.8607071 306.3791218 597.8396348 932.6839663 35310.38574 38249.52032 46203236.35
