    unsorted:	 96.38285597 96.38285597 96.38285597 96.38285597 96.38285597 96.38285597 96.38285597 96.38285597 96.38285597 96.38285597 96.30840821 96.30732173 96.31069398 96.31212211 96.31389942 96.31593289 96.31740369 96.31934367 96.32115311 96.30517422 96.32264053 96.32424943 96.30359802 96.32638921 96.32709996 96.33037387 96.32997614 96.33303872 96.33398270 96.33603462 96.33734110 96.33895561 96.30211453 96.34053340 96.34179609 96.29993135 96.29903996 96.34357883 96.34458202 96.34638145 96.34743390 96.29669102 96.29576271 96.34888497 96.34961959 96.29387848 96.35175008 96.29239229 96.29130443 96.28931903 96.28888227 96.35345502 96.35477533 96.35583866 96.35686837 96.28698575 96.28634993 96.28509475 96.28412837 96.28341780 96.28240688 96.28182437 96.28099963 96.28050508 96.28001923 96.27989120 96.35830996 96.36076138 96.36407837 96.38286108 96.38286167 96.36788777 96.37427301 96.37821270 96.38786668 96.39411285 96.40335172 96.41453964 96.42272211 96.20581371 96.08819874 95.88393308 95.54940519 97.24929866 95.08835934 94.98637597 94.42335506 93.87316188 93.49631819 93.17216107 100.3781317 101.3707626 89.16587181 88.24950919 106.0415943 110.8355904 112.8111640 129.2789077 195.7807620 4.653941206 3193.390720 21641.99614 258412.3711
      sorted:	 4.653941206 88.24950919 89.16587181 93.17216107 93.49631819 93.87316188 94.42335506 94.98637597 95.08835934 95.54940519 95.88393308 96.08819874 96.20581371 96.27989120 96.28001923 96.28050508 96.28099963 96.28182437 96.28240688 96.28341780 96.28412837 96.28509475 96.28634993 96.28698575 96.28888227 96.28931903 96.29130443 96.29239229 96.29387848 96.29576271 96.29669102 96.29903996 96.29993135 96.30211453 96.30359802 96.30517422 96.30732173 96.30840821 96.31069398 96.31212211 96.31389942 96.31593289 96.31740369 96.31934367 96.32115311 96.32264053 96.32424943 96.32638921 96.32709996 96.32997614 96.33037387 96.33303872 96.33398270 96.33603462 96.33734110 96.33895561 96.34053340 96.34179609 96.34357883 96.34458202 96.34638145 96.34743390 96.34888497 96.34961959 96.35175008 96.35345502 96.35477533 96.35583866 96.35686837 96.35830996 96.36076138 96.36407837 96.36788777 96.37427301 96.37821270 96.38285597 96.38285597 96.38285597 96.38285597 96.38285597 96.38285597 96.38285597 96.38285597 96.38285597 96.38285597 96.38286108 96.38286167 96.38786668 96.39411285 96.40335172 96.41453964 96.42272211 97.24929866 100.3781317 101.3707626 106.0415943 110.8355904 112.8111640 129.2789077 195.7807620 3193.390720 21641.99614 258412.3711
