    unsorted:	 96.38285597 96.38285597 96.38285597 96.38285597 96.38285597 96.38285597 96.38285597 96.38285597 96.38285597 96.38285597 97.59784386 97.59199559 97.60593332 97.57941631 97.56061681 97.54094082 97.52358139 97.47003522 97.37772870 97.25182263 97.08796781 96.88519797 96.65386713 96.42016472 96.19204737 96.20286190 95.85174514 98.40072832 95.39081484 94.81512706 94.64229867 94.13292891 99.28178508 93.34628064 92.45965952 100.8587913 91.51146155 90.45692789 89.17140270 87.63545237 86.40815974 85.91241663 85.76072762 105.5984474 84.20893252 82.47414436 80.54087976 112.6096653 114.4663102 78.59355432 118.3158820 119.2195437 76.74270926 122.4548773 125.6498432 74.83501963 127.3508580 130.9538226 130.7682025 130.3575479 134.4839831 73.32005989 137.6584916 71.60111836 70.49219446 69.79084814 139.7532736 141.6869751 142.1904911 145.3016837 147.4854227 147.9930505 68.11576311 151.7456157 152.7003949 156.4658044 158.5656109 158.9872402 164.5573335 165.6100280 169.0284089 171.5436858 174.7682112 178.1911079 180.4219642 180.3188729 191.6105598 203.2150198 203.8398005 209.6104135 35.36619048 218.9050557 229.5142898 234.1168138 243.6168733 249.7853335 263.3598517 269.8650547 279.4430735 297.1952883 305.7925031 337.9635562 345.5987694 379.8357248 396.7547264 403.5678327 466.8126928 496.9125717 515.3665539 575.3641236 673.2942492 752.0268613 760.4847643 895.7070196 968.9995635 984.8523638 1147.641913 1193.017600 1370.455376 1408.704587 1654.763752 1851.397576 1951.392094 1988.681288 2139.942061 2240.174093 2479.990052 2841.667941 3849.198545 3725.578251 4265.131988 5022.189570 5087.246832 5830.553724 6012.299137 7567.575052 9262.605238 10622.12825 13013.70975 15692.60971 1335863.239 9025079.535
      sorted:	 35.36619048 68.11576311 69.79084814 70.49219446 71.60111836 73.32005989 74.83501963 76.74270926 78.59355432 80.54087976 82.47414436 84.20893252 85.76072762 85.91241663 86.40815974 87.63545237 89.17140270 90.45692789 91.51146155 92.45965952 93.34628064 94.13292891 94.64229867 94.81512706 95.39081484 95.85174514 96.19204737 96.20286190 96.38285597 96.38285597 96.38285597 96.38285597 96.38285597 96.38285597 96.38285597 96.38285597 96.38285597 96.38285597 96.42016472 96.65386713 96.88519797 97.08796781 97.25182263 97.37772870 97.47003522 97.52358139 97.54094082 97.56061681 97.57941631 97.59199559 97.59784386 97.60593332 98.40072832 99.28178508 100.8587913 105.5984474 112.6096653 114.4663102 118.3158820 119.2195437 122.4548773 125.6498432 127.3508580 130.3575479 130.7682025 130.9538226 134.4839831 137.6584916 139.7532736 141.6869751 142.1904911 145.3016837 147.4854227 147.9930505 151.7456157 152.7003949 156.4658044 158.5656109 158.9872402 164.5573335 165.6100280 169.0284089 171.5436858 174.7682112 178.1911079 180.3188729 180.4219642 191.6105598 203.2150198 203.8398005 209.6104135 218.9050557 229.5142898 234.1168138 243.6168733 249.7853335 263.3598517 269.8650547 279.4430735 297.1952883 305.7925031 337.9635562 345.5987694 379.8357248 396.7547264 403.5678327 466.8126928 496.9125717 515.3665539 575.3641236 673.2942492 752.0268613 760.4847643 895.7070196 968.9995635 984.8523638 1147.641913 1193.017600 1370.455376 1408.704587 1654.763752 1851.397576 1951.392094 1988.681288 2139.942061 2240.174093 2479.990052 2841.667941 3725.578251 3849.198545 4265.131988 5022.189570 5087.246832 5830.553724 6012.299137 7567.575052 9262.605238 10622.12825 13013.70975 15692.60971 1335863.239 9025079.535
