    unsorted:	 96.38285597 96.38285597 96.38285597 96.38285597 96.38285597 96.38285597 96.38285597 96.38285597 96.38285597 96.38285597 102.8470088 102.7216153 102.5121969 102.3618840 102.9786735 103.1086211 103.1841156 103.2557972 103.2892338 102.1945044 101.9263292 101.7025916 101.5695571 101.3019227 101.0145514 100.7641308 100.6651703 100.4044323 100.2869290 100.1418546 99.87304358 99.63312299 99.46864011 99.38284182 99.36434821 99.14634072 97.85362340 106.6064907 95.81117149 107.0527880 95.18802271 93.26533931 110.2326753 90.92131808 88.85174944 117.0484066 120.5940388 119.8178331 85.99057464 82.69591656 125.5806342 127.6207471 79.08422083 132.9019863 75.46966461 73.65344791 72.74849804 71.33910351 69.72130451 69.28079830 68.03917716 67.13747688 135.6020869 138.6005584 140.0408075 140.6861659 144.1154954 145.9107857 146.2328176 153.3172332 151.7045489 155.1265617 60.57087820 161.0336897 163.5380547 164.2259122 167.8119001 168.6545684 170.5697817 175.9657397 177.8730727 181.8779170 185.3758790 46.92532128 190.3560155 194.7544404 198.8441037 200.8554266 202.1740776 213.2343237 30.27935069 227.3170468 230.2040365 238.3964035 246.7232804 257.8908194 268.1988775 282.2739172 287.9916178 300.4676560 325.1777903 344.6522741 363.9152983 371.6074499 398.2101056 408.2402487 432.5837488 486.0181404 520.9415187 604.9404366 628.1589806 671.1453152 679.4636160 841.1136082 949.2455811 1101.465759 1166.838191 1377.352506 1419.024605 1499.905235 1632.575417 1681.601502 1847.172603 2123.334266 2222.109257 2520.587016 2923.639126 3245.685678 3682.260997 3972.861741 4258.489471 4626.255690 5084.091750 5377.835275 6379.434419 8427.353315 10155.66376 12993.31347 15829.48109 39905.24088 1517281.882 14757840.90
      sorted:	 30.27935069 46.92532128 60.57087820 67.13747688 68.03917716 69.28079830 69.72130451 71.33910351 72.74849804 73.65344791 75.46966461 79.08422083 82.69591656 85.99057464 88.85174944 90.92131808 93.26533931 95.18802271 95.81117149 96.38285597 96.38285597 96.38285597 96.38285597 96.38285597 96.38285597 96.38285597 96.38285597 96.38285597 96.38285597 97.85362340 99.14634072 99.36434821 99.38284182 99.46864011 99.63312299 99.87304358 100.1418546 100.2869290 100.4044323 100.6651703 100.7641308 101.0145514 101.3019227 101.5695571 101.7025916 101.9263292 102.1945044 102.3618840 102.5121969 102.7216153 102.8470088 102.9786735 103.1086211 103.1841156 103.2557972 103.2892338 106.6064907 107.0527880 110.2326753 117.0484066 119.8178331 120.5940388 125.5806342 127.6207471 132.9019863 135.6020869 138.6005584 140.0408075 140.6861659 144.1154954 145.9107857 146.2328176 151.7045489 153.3172332 155.1265617 161.0336897 163.5380547 164.2259122 167.8119001 168.6545684 170.5697817 175.9657397 177.8730727 181.8779170 185.3758790 190.3560155 194.7544404 198.8441037 200.8554266 202.1740776 213.2343237 227.3170468 230.2040365 238.3964035 246.7232804 257.8908194 268.1988775 282.2739172 287.9916178 300.4676560 325.1777903 344.6522741 363.9152983 371.6074499 398.2101056 408.2402487 432.5837488 486.0181404 520.9415187 604.9404366 628.1589806 671.1453152 679.4636160 841.1136082 949.2455811 1101.465759 1166.838191 1377.352506 1419.024605 1499.905235 1632.575417 1681.601502 1847.172603 2123.334266 2222.109257 2520.587016 2923.639126 3245.685678 3682.260997 3972.861741 4258.489471 4626.255690 5084.091750 5377.835275 6379.434419 8427.353315 10155.66376 12993.31347 15829.48109 39905.24088 1517281.882 14757840.90
