    unsorted:	 96.38285597 96.38285597 96.38285597 96.38285597 96.38285597 96.38285597 96.38285597 96.38285597 96.38285597 96.38285597 96.33586739 96.32744813 96.34301313 96.31753174 96.34907669 96.30585694 96.29211900 96.27596336 96.25697823 96.23468611 96.20853295 96.17787279 96.14194125 96.09977934 96.04625526 95.98266923 95.90718821 95.81749236 95.71081272 95.58394723 95.43331528 95.25507628 95.04536821 94.80075986 94.51906640 94.20064235 97.29232386 93.84923325 93.46673547 93.03759051 92.54361118 92.05978172 91.50315969 90.89013627 90.21192579 89.42185400 88.47450543 87.34449742 86.00861907 84.43669058 82.59614196 80.46727311 108.0645999 78.09248549 75.65731070 73.22602490 70.51789920 67.99161155 66.39384462 118.8761963 166.1278348 272.3249139 338.6493929 329.1719672 382.9661781 396.0030796 425.2112368 470.8198007 479.9808103 491.4581350 537.3654224 596.5415116 624.5049725 633.8012565 666.3385912 670.9341528 695.0557012 842.6613561 846.1815017 820.5680270 864.9280641 898.4095788 936.1352324 928.6079020 958.8657435 968.8844624 975.6243472 1016.793970 1044.679249 1062.444509 1141.221106 1146.423865 1246.246498 1260.814013 1294.358123 1306.442957 1346.064731 1394.097898 1429.487525 1438.751729 1551.788112 1671.759784 1743.361483 1762.287199 2029.365290 2116.286017 2140.088011 2235.675823 2276.674939 2532.495942 2583.647654 2611.384819 2748.736852 2827.125496 2929.956198 3003.289972 3285.530222 3687.966491 3732.783973 3889.134371 4116.138615 4426.673898 4748.618140 4899.214378 5049.755781 5238.507246 5864.702376 6164.897246 6876.611075 7249.356322 7579.709249 8568.751083 9761.868116 10157.99643 10365.72812 10738.91646 11818.93090 12368.64462 15244.44948 17584.38722 1025630.113 1206389087.
      sorted:	 66.39384462 67.99161155 70.51789920 73.22602490 75.65731070 78.09248549 80.46727311 82.59614196 84.43669058 86.00861907 87.34449742 88.47450543 89.42185400 90.21192579 90.89013627 91.50315969 92.05978172 92.54361118 93.03759051 93.46673547 93.84923325 94.20064235 94.51906640 94.80075986 95.04536821 95.25507628 95.43331528 95.58394723 95.71081272 95.81749236 95.90718821 95.98266923 96.04625526 96.09977934 96.14194125 96.17787279 96.20853295 96.23468611 96.25697823 96.27596336 96.29211900 96.30585694 96.31753174 96.32744813 96.33586739 96.34301313 96.34907669 96.38285597 96.38285597 96.38285597 96.38285597 96.38285597 96.38285597 96.38285597 96.38285597 96.38285597 96.38285597 97.29232386 108.0645999 118.8761963 166.1278348 272.3249139 329.1719672 338.6493929 382.9661781 396.0030796 425.2112368 470.8198007 479.9808103 491.4581350 537.3654224 596.5415116 624.5049725 633.8012565 666.3385912 670.9341528 695.0557012 820.5680270 842.6613561 846.1815017 864.9280641 898.4095788 928.6079020 936.1352324 958.8657435 968.8844624 975.6243472 1016.793970 1044.679249 1062.444509 1141.221106 1146.423865 1246.246498 1260.814013 1294.358123 1306.442957 1346.064731 1394.097898 1429.487525 1438.751729 1551.788112 1671.759784 1743.361483 1762.287199 2029.365290 2116.286017 2140.088011 2235.675823 2276.674939 2532.495942 2583.647654 2611.384819 2748.736852 2827.125496 2929.956198 3003.289972 3285.530222 3687.966491 3732.783973 3889.134371 4116.138615 4426.673898 4748.618140 4899.214378 5049.755781 5238.507246 5864.702376 6164.897246 6876.611075 7249.356322 7579.709249 8568.751083 9761.868116 10157.99643 10365.72812 10738.91646 11818.93090 12368.64462 15244.44948 17584.38722 1025630.113 1206389087.
