    unsorted:	 96.38285597 96.38285597 96.38285597 96.38285597 96.38285597 96.38285597 96.38285597 96.38285597 96.38285597 96.38285597 96.37778789 96.37764053 96.37723209 96.37836070 96.38006099 96.37912438 96.37645163 96.37545609 96.37444492 96.37343860 96.37228802 96.38133843 96.37087559 96.36921981 96.38334373 96.36748151 96.36582247 96.36421787 96.36244978 96.36023675 96.38657380 96.35758672 96.35477188 96.35207208 96.34958762 96.35041715 96.34735095 96.34550120 96.34421957 96.34373694 96.34347011 96.34337590 96.39145183 96.39307354 96.39865059 96.31087623 96.29778019 96.45530006 96.25965236 96.76204067 95.94918516 97.04644971 95.69974087 95.58596481 97.19364886 97.36928060 99.29483038 93.29846884 91.47118823 87.56637287 84.74958202 109.5330043 111.7460206 80.83902781 122.1678623 130.7514031 145.9906326 187.2618367 228.4246407 832.3420830 16367.22018 43948.42186 58180347.75
      sorted:	 80.83902781 84.74958202 87.56637287 91.47118823 93.29846884 95.58596481 95.69974087 95.94918516 96.25965236 96.29778019 96.31087623 96.34337590 96.34347011 96.34373694 96.34421957 96.34550120 96.34735095 96.34958762 96.35041715 96.35207208 96.35477188 96.35758672 96.36023675 96.36244978 96.36421787 96.36582247 96.36748151 96.36921981 96.37087559 96.37228802 96.37343860 96.37444492 96.37545609 96.37645163 96.37723209 96.37764053 96.37778789 96.37836070 96.37912438 96.38006099 96.38133843 96.38285597 96.38285597 96.38285597 96.38285597 96.38285597 96.38285597 96.38285597 96.38285597 96.38285597 96.38285597 96.38334373 96.38657380 96.39145183 96.39307354 96.39865059 96.45530006 96.76204067 97.04644971 97.19364886 97.36928060 99.29483038 109.5330043 111.7460206 122.1678623 130.7514031 145.9906326 187.2618367 228.4246407 832.3420830 16367.22018 43948.42186 58180347.75
