    unsorted:	 65.93889106 68.04896947 63.21523542 70.03099785 60.01908489 56.50309777 52.91292073 49.51381300 45.67883328 41.09832897 36.50829786 32.23788374 27.39494190 23.40508201 83.40969216 19.77290934 16.62975863 100.8718978 118.4946795 132.3222788 136.9053050 158.5261207 143.7830691 244.7088969 246.3609446 307.8065303 311.0789277 294.2328371 322.9855506 366.2950248 368.3205366 399.4389683 395.2334221 418.0193051 430.2380963 449.6330673 470.0960086 477.7738037 484.1889390 485.4424132 491.6482829 502.6554054 566.3557712 576.1659367 600.9616506 655.6192928 660.1802792 722.5401269 732.4148558 744.2948817 752.3942051 777.0567337 789.1455532 829.2974189 859.5536452 865.0563961 901.5315750 900.5037025 931.7572345 976.1739379 1045.742415 1050.798724 1103.474669 1129.733757 1173.182648 1269.489322 1319.488052 1324.352273 1514.581832 1522.032143 1633.533027 1720.876364 1726.533330 1770.350020 1803.539903 1953.998431 1998.518449 2048.581262 2149.802339 2347.670623 2450.970898 2578.674047 2680.565685 3010.476242 3145.289724 3365.483947 3543.690796 3791.970517 3908.689793 4017.299058 4418.103516 4612.307235 4709.614996 5187.628742 5317.695862 5590.906849 6081.797909 6330.757928 6592.576853 8566.526276 8740.166906 9206.236025 9982.840700 10256.28601 10427.77692 11513.74714 11907.69416 12091.09910 12646.18434 13941.60142 14582.71496 15429.76247 15876.37062 17470.20419 17900.45280 18190.50694 20019.18332 21034.53368 22857.12555 25622.06898 26972.06611 27575.15993 29469.26518 30250.21761 34118.71948 36728.95500 43501.12575 55817.27895 70440.69772 114461960.0 96.38285597
      sorted:	 16.62975863 19.77290934 23.40508201 27.39494190 32.23788374 36.50829786 41.09832897 45.67883328 49.51381300 52.91292073 56.50309777 60.01908489 63.21523542 65.93889106 68.04896947 70.03099785 83.40969216 96.38285597 100.8718978 118.4946795 132.3222788 136.9053050 143.7830691 158.5261207 244.7088969 246.3609446 294.2328371 307.8065303 311.0789277 322.9855506 366.2950248 368.3205366 395.2334221 399.4389683 418.0193051 430.2380963 449.6330673 470.0960086 477.7738037 484.1889390 485.4424132 491.6482829 502.6554054 566.3557712 576.1659367 600.9616506 655.6192928 660.1802792 722.5401269 732.4148558 744.2948817 752.3942051 777.0567337 789.1455532 829.2974189 859.5536452 865.0563961 900.5037025 901.5315750 931.7572345 976.1739379 1045.742415 1050.798724 1103.474669 1129.733757 1173.182648 1269.489322 1319.488052 1324.352273 1514.581832 1522.032143 1633.533027 1720.876364 1726.533330 1770.350020 1803.539903 1953.998431 1998.518449 2048.581262 2149.802339 2347.670623 2450.970898 2578.674047 2680.565685 3010.476242 3145.289724 3365.483947 3543.690796 3791.970517 3908.689793 4017.299058 4418.103516 4612.307235 4709.614996 5187.628742 5317.695862 5590.906849 6081.797909 6330.757928 6592.576853 8566.526276 8740.166906 9206.236025 9982.840700 10256.28601 10427.77692 11513.74714 11907.69416 12091.09910 12646.18434 13941.60142 14582.71496 15429.76247 15876.37062 17470.20419 17900.45280 18190.50694 20019.18332 21034.53368 22857.12555 25622.06898 26972.06611 27575.15993 29469.26518 30250.21761 34118.71948 36728.95500 43501.12575 55817.27895 70440.69772 114461960.0
