    unsorted:	 96.38285597 96.38285597 96.38285597 96.38285597 96.38285597 96.38285597 96.38285597 96.38285597 96.38285597 96.38285597 96.24424219 96.24006129 96.25009525 96.23330313 96.25707977 96.26401943 96.22544326 96.27074144 96.21718953 96.27720159 96.20865501 96.28337242 96.19987565 96.28930165 96.19087606 96.29494436 96.30030583 96.18168619 96.30539784 96.17234634 96.31023990 96.16290646 96.15342187 96.14394561 96.13451667 96.31486742 96.12513686 96.31936841 96.11569930 96.32581296 96.09315514 96.08709097 96.07938170 96.07083988 96.06213916 96.05359170 96.04532624 96.03737976 96.02996532 96.02315630 96.01660219 96.01215883 96.00998588 96.00334057 95.99534723 95.98506771 95.97138399 95.95342207 95.93024066 95.90609881 95.89919074 95.87468880 95.86679647 95.83363544 95.81240448 95.80391962 95.76025104 96.57137751 96.84275456 97.04062964 95.15268951 97.49303134 97.51901379 97.90422614 98.06182126 98.29343899 98.40098022 98.51363847 94.04721520 98.89844034 92.84394143 101.1322813 91.54154577 102.2191891 102.9429002 103.1888286 90.02517477 86.91390913 108.3132879 109.3192175 83.23997821 82.57005834 110.4613386 111.9534645 79.14259846 75.20771573 71.39947289 68.16335914 126.8459378 127.0417226 66.03266414 134.5092420 138.6595250 145.0440725 151.0694922 152.0298178 168.6897187 171.9983916 187.0904993 207.6392093 219.6150711 264.9382913 352.2387571 427.3464204 512.9665534 556.8992946 871.0722576 948.0427155 1617.989811 16629.39948 86108.18069 587367.7671
      sorted:	 66.03266414 68.16335914 71.39947289 75.20771573 79.14259846 82.57005834 83.23997821 86.91390913 90.02517477 91.54154577 92.84394143 94.04721520 95.15268951 95.76025104 95.80391962 95.81240448 95.83363544 95.86679647 95.87468880 95.89919074 95.90609881 95.93024066 95.95342207 95.97138399 95.98506771 95.99534723 96.00334057 96.00998588 96.01215883 96.01660219 96.02315630 96.02996532 96.03737976 96.04532624 96.05359170 96.06213916 96.07083988 96.07938170 96.08709097 96.09315514 96.11569930 96.12513686 96.13451667 96.14394561 96.15342187 96.16290646 96.17234634 96.18168619 96.19087606 96.19987565 96.20865501 96.21718953 96.22544326 96.23330313 96.24006129 96.24424219 96.25009525 96.25707977 96.26401943 96.27074144 96.27720159 96.28337242 96.28930165 96.29494436 96.30030583 96.30539784 96.31023990 96.31486742 96.31936841 96.32581296 96.38285597 96.38285597 96.38285597 96.38285597 96.38285597 96.38285597 96.38285597 96.38285597 96.38285597 96.38285597 96.57137751 96.84275456 97.04062964 97.49303134 97.51901379 97.90422614 98.06182126 98.29343899 98.40098022 98.51363847 98.89844034 101.1322813 102.2191891 102.9429002 103.1888286 108.3132879 109.3192175 110.4613386 111.9534645 126.8459378 127.0417226 134.5092420 138.6595250 145.0440725 151.0694922 152.0298178 168.6897187 171.9983916 187.0904993 207.6392093 219.6150711 264.9382913 352.2387571 427.3464204 512.9665534 556.8992946 871.0722576 948.0427155 1617.989811 16629.39948 86108.18069 587367.7671
