    unsorted:	 96.38285597 96.38285597 96.38285597 96.38285597 96.38285597 96.38285597 96.38285597 96.38285597 96.38285597 96.38285597 95.86185554 95.86181867 95.86376543 95.86502108 95.86690801 95.86918709 95.87176529 95.87466538 95.87783114 95.88154709 95.88571299 95.89008968 95.89557422 95.89788641 95.90213539 95.90869755 95.91517069 95.92274898 95.93064845 95.93840693 95.94702023 95.95519844 95.96277347 95.97138385 95.97275489 95.98124897 95.98596820 95.99732038 96.00959007 96.02198417 96.03431347 96.04630213 96.05798955 96.06967136 96.08169754 96.09428762 96.11077311 96.12272641 96.13547436 96.14842104 96.16123261 96.17373957 96.18583852 96.19746336 96.20857580 96.21915770 96.22920445 96.23872084 96.24771826 96.25621295 96.26422436 96.27177412 96.27888497 96.28558002 96.29188232 96.29781443 96.30318889 96.30853466 96.31354448 96.31824025 96.32265462 96.32682708 96.33078624 96.33454385 96.33810525 96.37076609 95.71627685 95.35277100 94.72887890 97.32252952 97.38832965 93.78036709 93.36490458 92.49055974 90.91377468 89.09583333 103.6279060 87.20127021 85.61985200 105.9410035 84.52956041 109.1697639 114.5012716 117.8276126 118.5451422 120.3337820 122.6755809 126.7185352 134.5544769 138.2086712 142.6893617 143.6000132 144.1806448 153.3375889 159.5510693 166.6503286 180.9882767 195.8027869 206.0801476 263.6469033 279.7197228 295.3591281 438.7227290 516.8000679 729.2281264 916.9429686 1136.637206 1260.908789 1334.928101 16179.04379 36769.70376 116323.9346
      sorted:	 84.52956041 85.61985200 87.20127021 89.09583333 90.91377468 92.49055974 93.36490458 93.78036709 94.72887890 95.35277100 95.71627685 95.86181867 95.86185554 95.86376543 95.86502108 95.86690801 95.86918709 95.87176529 95.87466538 95.87783114 95.88154709 95.88571299 95.89008968 95.89557422 95.89788641 95.90213539 95.90869755 95.91517069 95.92274898 95.93064845 95.93840693 95.94702023 95.95519844 95.96277347 95.97138385 95.97275489 95.98124897 95.98596820 95.99732038 96.00959007 96.02198417 96.03431347 96.04630213 96.05798955 96.06967136 96.08169754 96.09428762 96.11077311 96.12272641 96.13547436 96.14842104 96.16123261 96.17373957 96.18583852 96.19746336 96.20857580 96.21915770 96.22920445 96.23872084 96.24771826 96.25621295 96.26422436 96.27177412 96.27888497 96.28558002 96.29188232 96.29781443 96.30318889 96.30853466 96.31354448 96.31824025 96.32265462 96.32682708 96.33078624 96.33454385 96.33810525 96.37076609 96.38285597 96.38285597 96.38285597 96.38285597 96.38285597 96.38285597 96.38285597 96.38285597 96.38285597 96.38285597 97.32252952 97.38832965 103.6279060 105.9410035 109.1697639 114.5012716 117.8276126 118.5451422 120.3337820 122.6755809 126.7185352 134.5544769 138.2086712 142.6893617 143.6000132 144.1806448 153.3375889 159.5510693 166.6503286 180.9882767 195.8027869 206.0801476 263.6469033 279.7197228 295.3591281 438.7227290 516.8000679 729.2281264 916.9429686 1136.637206 1260.908789 1334.928101 16179.04379 36769.70376 116323.9346
