    unsorted:	 96.38285597 96.38285597 96.38285597 96.38285597 96.38285597 96.38285597 96.38285597 96.38285597 96.38285597 96.38285597 95.64322153 95.61256335 95.66742813 95.58738929 95.55358810 95.69610965 95.71912333 95.52778924 95.74661047 95.47325499 95.78240248 95.41523552 95.37064309 95.82376877 95.32760643 95.86616007 95.26262913 95.18935959 95.11122717 95.92449851 95.02889091 94.94267022 94.85304959 94.76139386 94.67390335 94.61029110 94.53939266 94.44526332 94.34775818 94.25563654 94.17272514 94.09559879 94.02252966 93.88712510 93.80997436 93.74326710 93.68155581 93.61904297 93.55472277 93.49076290 93.42339889 93.35496626 93.28608858 93.21356512 93.14361915 93.06988740 92.99921161 92.92810592 92.85793232 92.79059490 92.72360343 92.66000134 92.59806310 92.53839391 92.48152032 92.42607647 92.37362398 92.32283216 92.27491827 92.22960836 92.18721096 92.14828400 92.11276388 92.08195435 92.05698751 92.03958634 92.02500043 92.02928195 96.08372550 96.49172805 97.45522608 98.02847648 90.49600145 99.07964029 99.25935985 99.51990425 99.89507672 111.3156645 112.1756059 113.0702376 82.38706833 73.13122956 72.66332580 136.6885732 136.8766309 135.1750650 142.0345174 143.1637696 64.87677439 151.9089937 157.3227440 162.9590214 175.3094203 177.3952218 189.0727523 212.9578987 216.2846057 249.7948796 287.1271027 318.3267223 392.4119685 420.6027230 615.8156213 684.3106079 785.0511940 986.8806594 1064.733123 1135.124230 1448.830924 16198.41524 78019.09882 5013124.485
      sorted:	 64.87677439 72.66332580 73.13122956 82.38706833 90.49600145 92.02500043 92.02928195 92.03958634 92.05698751 92.08195435 92.11276388 92.14828400 92.18721096 92.22960836 92.27491827 92.32283216 92.37362398 92.42607647 92.48152032 92.53839391 92.59806310 92.66000134 92.72360343 92.79059490 92.85793232 92.92810592 92.99921161 93.06988740 93.14361915 93.21356512 93.28608858 93.35496626 93.42339889 93.49076290 93.55472277 93.61904297 93.68155581 93.74326710 93.80997436 93.88712510 94.02252966 94.09559879 94.17272514 94.25563654 94.34775818 94.44526332 94.53939266 94.61029110 94.67390335 94.76139386 94.85304959 94.94267022 95.02889091 95.11122717 95.18935959 95.26262913 95.32760643 95.37064309 95.41523552 95.47325499 95.52778924 95.55358810 95.58738929 95.61256335 95.64322153 95.66742813 95.69610965 95.71912333 95.74661047 95.78240248 95.82376877 95.86616007 95.92449851 96.08372550 96.38285597 96.38285597 96.38285597 96.38285597 96.38285597 96.38285597 96.38285597 96.38285597 96.38285597 96.38285597 96.49172805 97.45522608 98.02847648 99.07964029 99.25935985 99.51990425 99.89507672 111.3156645 112.1756059 113.0702376 135.1750650 136.6885732 136.8766309 142.0345174 143.1637696 151.9089937 157.3227440 162.9590214 175.3094203 177.3952218 189.0727523 212.9578987 216.2846057 249.7948796 287.1271027 318.3267223 392.4119685 420.6027230 615.8156213 684.3106079 785.0511940 986.8806594 1064.733123 1135.124230 1448.830924 16198.41524 78019.09882 5013124.485
