    unsorted:	 96.38285597 96.38285597 96.38285597 96.38285597 96.38285597 96.38285597 96.38285597 96.38285597 96.38285597 96.38285597 16.45880059 16.43876923 16.49024824 16.16693947 16.73447702 16.88511948 15.87218881 15.64236681 15.54545427 15.29944772 15.12943968 14.94782446 14.78586935 14.68920644 14.56583145 14.42073782 17.07599173 14.27684231 17.29628885 14.01557210 17.52328560 252.8521701 253.0231087 252.9949927 253.0972897 253.1603732 252.6872339 252.5279804 252.4639728 252.2353727 251.9383555 251.9530939 251.4564485 251.6160151 251.2510705 251.1104294 251.0168914 249.9039823 244.1333633 23.68524864 9.046149536 224.8378042 276.2593841 58.64247091 184.0797219 169.2378090 141.3481648 143.5160681 414.0531575 466.3139792 507.8000440 560.3532126 707.6203464 751.9515520 827.6224775 953.1425176 966.7424282 1091.452627 1199.034908 1326.451133 1409.372851 1753.604028 1828.998322 1884.617302 2098.081302 2183.004442 2294.324560 2689.167143 2894.530159 3131.040338 3278.949931 4269.445642 3950.377083 4552.287286 4474.208575 4811.245709 5035.102133 5000.970390 5099.180134 5243.062882 5385.052321 5471.633830 6153.306450 6809.862865 6715.368165 8105.111496 8435.638891 8615.333725 8942.267337 9123.398065 9448.845556 9542.274981 10325.91669 11084.75936 11882.05928 12774.64651 13557.15858 15179.62698 15393.63097 16378.08783 16650.43655 17288.25594 17918.53292 18949.78389 19591.26289 20808.80885 21518.76638 23206.15257 24209.07534 24873.53911 26340.62088 26763.71464 27136.99786 27782.28427 28762.25514 29627.65225 30546.27157 30916.93869 31232.93785 33188.74709 34163.67410 35777.36433 38899.61332 39782.54481 41520.30259 50157.44901 55120.37151 71902.73416 103823.9377 236808.1061 10946184.37 1.098457981e+11
      sorted:	 9.046149536 14.01557210 14.27684231 14.42073782 14.56583145 14.68920644 14.78586935 14.94782446 15.12943968 15.29944772 15.54545427 15.64236681 15.87218881 16.16693947 16.43876923 16.45880059 16.49024824 16.73447702 16.88511948 17.07599173 17.29628885 17.52328560 23.68524864 58.64247091 96.38285597 96.38285597 96.38285597 96.38285597 96.38285597 96.38285597 96.38285597 96.38285597 96.38285597 96.38285597 141.3481648 143.5160681 169.2378090 184.0797219 224.8378042 244.1333633 249.9039823 251.0168914 251.1104294 251.2510705 251.4564485 251.6160151 251.9383555 251.9530939 252.2353727 252.4639728 252.5279804 252.6872339 252.8521701 252.9949927 253.0231087 253.0972897 253.1603732 276.2593841 414.0531575 466.3139792 507.8000440 560.3532126 707.6203464 751.9515520 827.6224775 953.1425176 966.7424282 1091.452627 1199.034908 1326.451133 1409.372851 1753.604028 1828.998322 1884.617302 2098.081302 2183.004442 2294.324560 2689.167143 2894.530159 3131.040338 3278.949931 3950.377083 4269.445642 4474.208575 4552.287286 4811.245709 5000.970390 5035.102133 5099.180134 5243.062882 5385.052321 5471.633830 6153.306450 6715.368165 6809.862865 8105.111496 8435.638891 8615.333725 8942.267337 9123.398065 9448.845556 9542.274981 10325.91669 11084.75936 11882.05928 12774.64651 13557.15858 15179.62698 15393.63097 16378.08783 16650.43655 17288.25594 17918.53292 18949.78389 19591.26289 20808.80885 21518.76638 23206.15257 24209.07534 24873.53911 26340.62088 26763.71464 27136.99786 27782.28427 28762.25514 29627.65225 30546.27157 30916.93869 31232.93785 33188.74709 34163.67410 35777.36433 38899.61332 39782.54481 41520.30259 50157.44901 55120.37151 71902.73416 103823.9377 236808.1061 10946184.37 1.098457981e+11
