    unsorted:	 253.1550325 253.1590226 253.1668240 253.1729008 253.1771090 253.1406388 253.0931420 252.9997701 252.9018200 252.7347324 252.4628758 252.1801158 251.8888894 251.3767233 250.5019888 248.9788038 18.38940170 18.41674857 18.45449566 18.58336283 18.73613929 18.86812601 19.03367077 19.22129188 19.31124995 19.50162841 19.68716105 20.05139500 20.08924831 19.89518578 17.86178906 20.50423671 17.48423913 20.85459896 16.44257841 15.86807628 259.9662482 243.0462541 228.3935246 227.6527943 96.38285597 203.4710417 194.5674036 178.9929067 57.93731813 154.5118679 125.0256281 298.3851542 368.2850870 375.5446179 398.7409203 444.8629330 661.3081751 700.0704576 906.0393778 877.6071534 946.4762316 961.1622351 991.2109012 1058.260682 1129.426318 1156.446331 1185.562376 1415.283059 1376.844781 1422.269755 1707.943111 1896.430478 2017.020579 2000.337572 2055.717975 2252.970046 2524.012610 2793.745431 3606.393779 3556.173512 4089.946885 4126.147167 4233.188202 4974.407661 5142.836117 5583.639600 5920.914828 6346.200336 6589.224632 7591.076055 7726.563519 8245.082876 8377.088442 8506.642062 8870.673463 9456.157341 9876.460321 10426.51088 10764.16489 11387.95585 11366.68448 11746.47319 12041.39315 13766.91321 14404.36305 15542.22904 16823.55467 17330.92773 17726.21569 17886.45604 20357.44993 20729.33176 21488.12448 22643.75738 23817.12359 23578.32269 25156.38064 25477.62311 26564.68057 27266.70349 30136.77906 29982.00547 31031.33221 31464.07730 32044.30087 35560.05911 36484.66694 38156.36290 41390.63857 45945.70924 53044.83853 59010.79944 67837.68083 93992.60477 146813.1948 10168639.85 1.053409115e+11
      sorted:	 15.86807628 16.44257841 17.48423913 17.86178906 18.38940170 18.41674857 18.45449566 18.58336283 18.73613929 18.86812601 19.03367077 19.22129188 19.31124995 19.50162841 19.68716105 19.89518578 20.05139500 20.08924831 20.50423671 20.85459896 57.93731813 96.38285597 125.0256281 154.5118679 178.9929067 194.5674036 203.4710417 227.6527943 228.3935246 243.0462541 248.9788038 250.5019888 251.3767233 251.8888894 252.1801158 252.4628758 252.7347324 252.9018200 252.9997701 253.0931420 253.1406388 253.1550325 253.1590226 253.1668240 253.1729008 253.1771090 259.9662482 298.3851542 368.2850870 375.5446179 398.7409203 444.8629330 661.3081751 700.0704576 877.6071534 906.0393778 946.4762316 961.1622351 991.2109012 1058.260682 1129.426318 1156.446331 1185.562376 1376.844781 1415.283059 1422.269755 1707.943111 1896.430478 2000.337572 2017.020579 2055.717975 2252.970046 2524.012610 2793.745431 3556.173512 3606.393779 4089.946885 4126.147167 4233.188202 4974.407661 5142.836117 5583.639600 5920.914828 6346.200336 6589.224632 7591.076055 7726.563519 8245.082876 8377.088442 8506.642062 8870.673463 9456.157341 9876.460321 10426.51088 10764.16489 11366.68448 11387.95585 11746.47319 12041.39315 13766.91321 14404.36305 15542.22904 16823.55467 17330.92773 17726.21569 17886.45604 20357.44993 20729.33176 21488.12448 22643.75738 23578.32269 23817.12359 25156.38064 25477.62311 26564.68057 27266.70349 29982.00547 30136.77906 31031.33221 31464.07730 32044.30087 35560.05911 36484.66694 38156.36290 41390.63857 45945.70924 53044.83853 59010.79944 67837.68083 93992.60477 146813.1948 10168639.85 1.053409115e+11
