    unsorted:	 96.38285597 96.38285597 96.38285597 96.38285597 96.38285597 96.38285597 96.38285597 96.38285597 96.38285597 96.38285597 96.49669481 96.49555440 96.48657518 96.48042395 96.51094580 96.51914854 96.46625805 96.52680679 96.45344955 96.44326498 96.43312734 96.42169200 96.42043279 96.41507356 96.54433911 96.38951682 96.56551451 96.37026668 96.59148566 96.62162010 96.65322729 96.68371413 96.71355867 96.74631472 96.78692241 96.83564312 96.88819778 96.21527786 96.94005445 96.98969421 97.03680502 97.07874187 97.11151778 97.12945333 97.14311306 97.13709110 97.14626316 96.14736530 96.06901889 97.25414794 95.96626785 95.84553587 95.71476685 95.34237694 97.97276299 99.28383206 100.6536433 103.5133099 89.66929034 77.85245597 119.2578028 126.2684743 64.16578044 158.1019650 161.6786701 173.0071552 35.29944048 213.3565385 243.6134373 595.3153109 808.8343122 42238.59745 41312.15861 573184806.3
      sorted:	 35.29944048 64.16578044 77.85245597 89.66929034 95.34237694 95.71476685 95.84553587 95.96626785 96.06901889 96.14736530 96.21527786 96.37026668 96.38285597 96.38285597 96.38285597 96.38285597 96.38285597 96.38285597 96.38285597 96.38285597 96.38285597 96.38285597 96.38951682 96.41507356 96.42043279 96.42169200 96.43312734 96.44326498 96.45344955 96.46625805 96.48042395 96.48657518 96.49555440 96.49669481 96.51094580 96.51914854 96.52680679 96.54433911 96.56551451 96.59148566 96.62162010 96.65322729 96.68371413 96.71355867 96.74631472 96.78692241 96.83564312 96.88819778 96.94005445 96.98969421 97.03680502 97.07874187 97.11151778 97.12945333 97.13709110 97.14311306 97.14626316 97.25414794 97.97276299 99.28383206 100.6536433 103.5133099 119.2578028 126.2684743 158.1019650 161.6786701 173.0071552 213.3565385 243.6134373 595.3153109 808.8343122 41312.15861 42238.59745 573184806.3
