    unsorted:	 96.38285597 76.25968596 77.81537425 74.35864414 79.15791334 72.14928945 69.65552857 66.90539355 63.99606946 61.11100053 58.12757680 54.69997282 51.10913958 47.94483124 45.07755956 42.72843124 41.60012270 92.93679577 98.21807736 113.8190370 132.3989935 134.7445175 145.2507490 150.3636496 173.2271936 231.2134365 307.0381051 296.1599090 312.6722929 325.1958447 259.7232499 366.3095620 371.0915615 385.9056957 420.8580806 408.4449458 445.1480707 447.5346134 455.3719644 453.1108279 486.6853916 487.1035729 481.7811756 494.4700849 501.3948727 524.2267259 566.2932737 571.0006578 580.6918399 625.3496668 657.4265661 665.2264824 719.9565420 735.4657527 738.3137913 774.9387708 821.6280022 859.5949138 862.3614590 885.1597606 898.3614923 905.9951469 932.2351574 1041.447018 1057.734148 1102.646832 1108.159128 1271.884335 1320.588007 1315.866412 1327.555792 1504.034633 1512.694727 1563.771184 1631.224847 1728.558603 1724.389519 1798.754007 1944.956365 2047.707269 2141.954751 2362.112263 2417.154754 2553.853270 2576.699680 2966.679901 3134.535495 3196.105703 3398.007133 3706.766629 3798.687897 3880.687859 4282.993316 4495.277507 4686.022632 4796.824106 4842.311790 5444.567759 5601.218104 6159.844092 6601.208012 8615.618386 8780.417726 9136.200700 10049.01511 10455.96787 11488.53290 11600.33635 12148.80370 11930.16216 13729.22520 13980.99519 14709.37711 15364.87395 15769.76130 16676.52098 17947.31341 18894.08595 19695.37686 21847.92037 23110.48804 25402.48902 26077.80573 27442.39950 28856.90835 29282.58675 31809.11814 41337.38080 48135.45830 51469.09372 115588.9656 5647893.646 39304275.97
      sorted:	 41.60012270 42.72843124 45.07755956 47.94483124 51.10913958 54.69997282 58.12757680 61.11100053 63.99606946 66.90539355 69.65552857 72.14928945 74.35864414 76.25968596 77.81537425 79.15791334 92.93679577 96.38285597 98.21807736 113.8190370 132.3989935 134.7445175 145.2507490 150.3636496 173.2271936 231.2134365 259.7232499 296.1599090 307.0381051 312.6722929 325.1958447 366.3095620 371.0915615 385.9056957 408.4449458 420.8580806 445.1480707 447.5346134 453.1108279 455.3719644 481.7811756 486.6853916 487.1035729 494.4700849 501.3948727 524.2267259 566.2932737 571.0006578 580.6918399 625.3496668 657.4265661 665.2264824 719.9565420 735.4657527 738.3137913 774.9387708 821.6280022 859.5949138 862.3614590 885.1597606 898.3614923 905.9951469 932.2351574 1041.447018 1057.734148 1102.646832 1108.159128 1271.884335 1315.866412 1320.588007 1327.555792 1504.034633 1512.694727 1563.771184 1631.224847 1724.389519 1728.558603 1798.754007 1944.956365 2047.707269 2141.954751 2362.112263 2417.154754 2553.853270 2576.699680 2966.679901 3134.535495 3196.105703 3398.007133 3706.766629 3798.687897 3880.687859 4282.993316 4495.277507 4686.022632 4796.824106 4842.311790 5444.567759 5601.218104 6159.844092 6601.208012 8615.618386 8780.417726 9136.200700 10049.01511 10455.96787 11488.53290 11600.33635 11930.16216 12148.80370 13729.22520 13980.99519 14709.37711 15364.87395 15769.76130 16676.52098 17947.31341 18894.08595 19695.37686 21847.92037 23110.48804 25402.48902 26077.80573 27442.39950 28856.90835 29282.58675 31809.11814 41337.38080 48135.45830 51469.09372 115588.9656 5647893.646 39304275.97
