    unsorted:	 96.38285597 96.38285597 96.38285597 96.38285597 96.38285597 96.38285597 96.38285597 96.38285597 96.38285597 96.38285597 108.1748380 108.4710296 108.3573234 108.5422608 108.0175610 107.5689996 106.7433246 105.7953326 105.0473712 103.6630204 101.8519543 110.9162683 99.89655322 97.79235096 95.99888888 94.78207154 92.53588219 90.16043707 87.98340303 86.32860200 85.24923199 119.4854300 138.6520696 172.3413569 284.6320703 284.9724292 260.3144583 244.2050905 299.3698516 303.3085254 311.0416179 315.2556189 337.7372944 351.6949873 352.3206020 361.7831639 414.1744563 440.2110673 446.9980192 460.6634292 472.5497644 492.0227176 541.6219940 544.0040565 575.1470405 593.2281370 596.8794463 623.5306600 662.5957879 679.8062489 706.5960524 727.8025429 763.6336000 770.5658139 822.4019362 827.3674689 864.0122673 881.1056382 960.3014402 1025.273505 1032.881734 1106.051889 1116.661074 1146.758859 1191.087385 1217.815911 1289.510802 1289.022483 1355.675953 1365.089878 1505.739381 1556.966807 1720.095222 1755.546818 1874.823904 2043.563265 1989.535360 2124.615571 2237.682696 2501.751403 2582.400903 2661.289037 2820.609035 2943.354063 3178.028102 3129.675560 3391.297858 3723.975726 3835.247820 4060.714463 4430.115594 4938.060062 5190.211791 5278.640801 5632.818674 5956.806059 6644.769194 7127.505963 7725.390773 8028.609828 8463.389904 8798.879481 8996.026575 10306.32180 10840.88359 11561.21760 11692.66152 12640.54121 12465.11940 13992.14934 14141.80754 15175.23279 16153.88471 17307.22021 17450.72449 19035.06769 20723.78008 20927.11255 23553.48994 24257.09813 25512.65905 25192.93022 25873.81866 26574.89320 29685.68209 32253.48016 43562.46567 54256.20101 62710.80327 205136.1425 6562717.282 79586054.50
      sorted:	 85.24923199 86.32860200 87.98340303 90.16043707 92.53588219 94.78207154 95.99888888 96.38285597 96.38285597 96.38285597 96.38285597 96.38285597 96.38285597 96.38285597 96.38285597 96.38285597 96.38285597 97.79235096 99.89655322 101.8519543 103.6630204 105.0473712 105.7953326 106.7433246 107.5689996 108.0175610 108.1748380 108.3573234 108.4710296 108.5422608 110.9162683 119.4854300 138.6520696 172.3413569 244.2050905 260.3144583 284.6320703 284.9724292 299.3698516 303.3085254 311.0416179 315.2556189 337.7372944 351.6949873 352.3206020 361.7831639 414.1744563 440.2110673 446.9980192 460.6634292 472.5497644 492.0227176 541.6219940 544.0040565 575.1470405 593.2281370 596.8794463 623.5306600 662.5957879 679.8062489 706.5960524 727.8025429 763.6336000 770.5658139 822.4019362 827.3674689 864.0122673 881.1056382 960.3014402 1025.273505 1032.881734 1106.051889 1116.661074 1146.758859 1191.087385 1217.815911 1289.022483 1289.510802 1355.675953 1365.089878 1505.739381 1556.966807 1720.095222 1755.546818 1874.823904 1989.535360 2043.563265 2124.615571 2237.682696 2501.751403 2582.400903 2661.289037 2820.609035 2943.354063 3129.675560 3178.028102 3391.297858 3723.975726 3835.247820 4060.714463 4430.115594 4938.060062 5190.211791 5278.640801 5632.818674 5956.806059 6644.769194 7127.505963 7725.390773 8028.609828 8463.389904 8798.879481 8996.026575 10306.32180 10840.88359 11561.21760 11692.66152 12465.11940 12640.54121 13992.14934 14141.80754 15175.23279 16153.88471 17307.22021 17450.72449 19035.06769 20723.78008 20927.11255 23553.48994 24257.09813 25192.93022 25512.65905 25873.81866 26574.89320 29685.68209 32253.48016 43562.46567 54256.20101 62710.80327 205136.1425 6562717.282 79586054.50
