    unsorted:	 62.02720693 64.40168929 60.67964858 59.49127497 66.55995443 68.52407463 70.53220414 71.23921620 72.58670915 56.93717458 74.54832257 76.38717777 54.23953955 78.10035566 51.57109834 48.96759603 46.41604890 44.24051866 41.82715652 39.84541743 38.54285376 93.47733957 129.8916919 322.0476034 322.9567150 303.6258617 305.5688425 292.1271298 287.9889810 332.5173645 246.4315547 362.5638732 396.0374506 390.5823197 414.9557754 411.6301398 417.8087519 424.3387435 234.0186020 194.4546441 447.6298816 486.6908219 494.2708155 513.5986156 519.1560779 531.7747733 547.5968784 562.5752967 585.2657235 575.6094110 595.3528500 597.7698658 647.4470040 673.5674099 670.9603769 686.1621899 716.2308532 778.4011504 849.7017131 902.0882744 921.4158256 960.3646998 965.3205513 974.7053256 998.8893633 1069.809585 1077.353859 1107.032092 1132.958344 1209.539823 1226.200953 1304.955066 1372.150442 1437.001092 1609.274312 1702.418221 1818.047483 2045.447126 2154.326752 2196.917560 2217.568685 2237.695044 2280.323069 2469.038042 2482.363663 2587.130466 2757.492147 3032.377416 3063.049407 3466.841859 3578.804999 3801.066712 4248.476424 4366.443958 4533.996226 4795.285392 5013.413950 5237.361237 5436.004508 5790.154140 6780.085190 7872.686528 8194.289072 8781.181896 9057.403122 9363.923292 10089.24729 10635.50177 11432.92439 12606.09099 13424.14213 14874.36265 17078.00576 17483.89421 21534.02606 21704.28926 23673.28758 24908.84797 27915.33552 32388.41786 36538.69749 39897.60738 40854.90221 41848.98745 43578.91184 47477.31596 53363.80567 55401.28006 80295.50863 139390588.0 96.38285597
      sorted:	 38.54285376 39.84541743 41.82715652 44.24051866 46.41604890 48.96759603 51.57109834 54.23953955 56.93717458 59.49127497 60.67964858 62.02720693 64.40168929 66.55995443 68.52407463 70.53220414 71.23921620 72.58670915 74.54832257 76.38717777 78.10035566 93.47733957 96.38285597 129.8916919 194.4546441 234.0186020 246.4315547 287.9889810 292.1271298 303.6258617 305.5688425 322.0476034 322.9567150 332.5173645 362.5638732 390.5823197 396.0374506 411.6301398 414.9557754 417.8087519 424.3387435 447.6298816 486.6908219 494.2708155 513.5986156 519.1560779 531.7747733 547.5968784 562.5752967 575.6094110 585.2657235 595.3528500 597.7698658 647.4470040 670.9603769 673.5674099 686.1621899 716.2308532 778.4011504 849.7017131 902.0882744 921.4158256 960.3646998 965.3205513 974.7053256 998.8893633 1069.809585 1077.353859 1107.032092 1132.958344 1209.539823 1226.200953 1304.955066 1372.150442 1437.001092 1609.274312 1702.418221 1818.047483 2045.447126 2154.326752 2196.917560 2217.568685 2237.695044 2280.323069 2469.038042 2482.363663 2587.130466 2757.492147 3032.377416 3063.049407 3466.841859 3578.804999 3801.066712 4248.476424 4366.443958 4533.996226 4795.285392 5013.413950 5237.361237 5436.004508 5790.154140 6780.085190 7872.686528 8194.289072 8781.181896 9057.403122 9363.923292 10089.24729 10635.50177 11432.92439 12606.09099 13424.14213 14874.36265 17078.00576 17483.89421 21534.02606 21704.28926 23673.28758 24908.84797 27915.33552 32388.41786 36538.69749 39897.60738 40854.90221 41848.98745 43578.91184 47477.31596 53363.80567 55401.28006 80295.50863 139390588.0
