    unsorted:	 96.38285597 96.38285597 96.38285597 96.38285597 96.38285597 96.38285597 96.38285597 96.38285597 96.38285597 96.38285597 96.21058341 96.21098927 96.21007439 96.21194005 96.21230420 96.21283047 96.20869458 96.21426928 96.20692170 96.21667634 96.20490075 96.21946621 96.20235944 96.22237061 96.22420863 96.20001959 96.22677284 96.19886382 96.19785978 96.19654527 96.23046353 96.23419219 96.23473165 96.23860436 96.24281865 96.24711339 96.18877756 96.25148517 96.25594963 96.26052444 96.26521606 96.18101949 96.27001372 96.27489061 96.17647421 96.27980866 96.28472276 96.28957525 96.29407807 96.29558828 96.29931018 96.30384481 96.16544924 96.16208579 96.30829395 96.15903203 96.31264816 96.31728762 96.11659180 96.39650159 96.03768982 96.52503124 96.63858331 96.69859285 96.84210751 96.94261844 96.99625763 97.05285445 95.30109537 97.49860759 94.26061337 93.85240982 92.91584413 100.5730587 91.64830937 90.24688732 88.70217207 104.1334848 104.7188773 87.36781474 86.24595388 85.29736536 84.73630412 107.4949712 83.24442419 110.0118650 113.9444803 114.7102534 118.4798448 121.1860376 123.6013092 127.0616186 148.0866787 43.78493328 168.4958337 170.6773616 188.3717193 213.2219981 251.1050114 345.7352843 541.1390230 764.9336240 1111.944259 2422.854996 20836.24773 92278.53669 400671.9427
      sorted:	 43.78493328 83.24442419 84.73630412 85.29736536 86.24595388 87.36781474 88.70217207 90.24688732 91.64830937 92.91584413 93.85240982 94.26061337 95.30109537 96.03768982 96.11659180 96.15903203 96.16208579 96.16544924 96.17647421 96.18101949 96.18877756 96.19654527 96.19785978 96.19886382 96.20001959 96.20235944 96.20490075 96.20692170 96.20869458 96.21007439 96.21058341 96.21098927 96.21194005 96.21230420 96.21283047 96.21426928 96.21667634 96.21946621 96.22237061 96.22420863 96.22677284 96.23046353 96.23419219 96.23473165 96.23860436 96.24281865 96.24711339 96.25148517 96.25594963 96.26052444 96.26521606 96.27001372 96.27489061 96.27980866 96.28472276 96.28957525 96.29407807 96.29558828 96.29931018 96.30384481 96.30829395 96.31264816 96.31728762 96.38285597 96.38285597 96.38285597 96.38285597 96.38285597 96.38285597 96.38285597 96.38285597 96.38285597 96.38285597 96.39650159 96.52503124 96.63858331 96.69859285 96.84210751 96.94261844 96.99625763 97.05285445 97.49860759 100.5730587 104.1334848 104.7188773 107.4949712 110.0118650 113.9444803 114.7102534 118.4798448 121.1860376 123.6013092 127.0616186 148.0866787 168.4958337 170.6773616 188.3717193 213.2219981 251.1050114 345.7352843 541.1390230 764.9336240 1111.944259 2422.854996 20836.24773 92278.53669 400671.9427
