    unsorted:	 96.38285597 96.38285597 96.38285597 96.38285597 96.38285597 96.38285597 96.38285597 96.38285597 96.38285597 96.38285597 159.2985540 157.9086208 166.4601161 171.1776161 173.2108762 177.0786955 178.5459639 179.9117964 150.3554493 141.0847311 137.1223259 131.3840121 130.9924222 121.2869732 111.3107049 108.0092202 100.8359243 101.5737178 93.21727004 90.00897371 82.37280144 73.13703145 220.3282567 447.3742357 430.8634085 522.1178960 534.1623013 615.6468981 655.7689839 727.0532200 761.8910779 777.3761102 823.1917003 863.6362520 932.6356127 959.5970891 1105.342079 1106.810915 1112.447618 1172.927131 1202.927986 1304.846132 1313.087606 1338.841628 1373.505713 1457.899172 1609.308171 1654.417617 1701.094983 1711.083271 1760.418021 1810.331003 1834.196370 1924.029199 1996.709345 2056.882734 2111.541896 2122.722076 2243.942367 2220.253981 2540.312455 2507.480791 2628.553929 2725.447154 2741.581625 2785.319134 2853.580118 2938.213469 2948.480544 3021.202826 3253.286852 3326.506513 3413.585560 3693.634690 3911.435222 3988.254339 4075.106598 4589.244120 4741.501707 4903.360614 4942.808782 5055.668093 5689.485559 5913.413659 5991.303615 6334.218961 6364.618085 6573.052485 7296.098397 7366.642654 7813.541343 8365.440981 8531.216209 8859.123189 8958.561586 8989.858965 9629.971660 10666.74755 11572.85555 11945.95917 12062.01009 12732.09996 12626.90428 13075.46191 14643.51031 15307.61625 15988.09072 16118.92050 16771.59263 17876.58939 18364.67704 19409.48295 20181.67237 20740.08553 21876.93399 22692.52736 24248.87377 24811.84899 27030.66537 27324.39943 27939.38086 28944.71703 29655.56306 29923.25493 30860.42889 34187.35679 42258.48293 51426.14242 58619.44516 237720.9483 6004774.355 38739151.28
      sorted:	 73.13703145 82.37280144 90.00897371 93.21727004 96.38285597 96.38285597 96.38285597 96.38285597 96.38285597 96.38285597 96.38285597 96.38285597 96.38285597 96.38285597 100.8359243 101.5737178 108.0092202 111.3107049 121.2869732 130.9924222 131.3840121 137.1223259 141.0847311 150.3554493 157.9086208 159.2985540 166.4601161 171.1776161 173.2108762 177.0786955 178.5459639 179.9117964 220.3282567 430.8634085 447.3742357 522.1178960 534.1623013 615.6468981 655.7689839 727.0532200 761.8910779 777.3761102 823.1917003 863.6362520 932.6356127 959.5970891 1105.342079 1106.810915 1112.447618 1172.927131 1202.927986 1304.846132 1313.087606 1338.841628 1373.505713 1457.899172 1609.308171 1654.417617 1701.094983 1711.083271 1760.418021 1810.331003 1834.196370 1924.029199 1996.709345 2056.882734 2111.541896 2122.722076 2220.253981 2243.942367 2507.480791 2540.312455 2628.553929 2725.447154 2741.581625 2785.319134 2853.580118 2938.213469 2948.480544 3021.202826 3253.286852 3326.506513 3413.585560 3693.634690 3911.435222 3988.254339 4075.106598 4589.244120 4741.501707 4903.360614 4942.808782 5055.668093 5689.485559 5913.413659 5991.303615 6334.218961 6364.618085 6573.052485 7296.098397 7366.642654 7813.541343 8365.440981 8531.216209 8859.123189 8958.561586 8989.858965 9629.971660 10666.74755 11572.85555 11945.95917 12062.01009 12626.90428 12732.09996 13075.46191 14643.51031 15307.61625 15988.09072 16118.92050 16771.59263 17876.58939 18364.67704 19409.48295 20181.67237 20740.08553 21876.93399 22692.52736 24248.87377 24811.84899 27030.66537 27324.39943 27939.38086 28944.71703 29655.56306 29923.25493 30860.42889 34187.35679 42258.48293 51426.14242 58619.44516 237720.9483 6004774.355 38739151.28
