    unsorted:	 96.38285597 96.38285597 96.38285597 96.38285597 96.38285597 96.38285597 96.38285597 96.38285597 96.38285597 96.38285597 95.36946860 95.39874010 95.42755385 95.45770666 95.47779553 95.50278163 95.33828792 95.53470860 95.30581972 95.27031176 95.57767491 95.62058763 95.23317104 95.65615487 95.68258441 95.19324906 95.72772654 95.15064976 95.77948938 95.80313519 95.83676099 95.10710116 95.06195460 95.89561269 95.01783194 95.95937809 94.97440741 96.02438773 96.08475300 96.12923221 96.13724926 96.17030927 96.17811050 96.20275640 96.21701141 96.22016862 96.22790645 96.25888602 96.29417663 94.93234091 94.89068191 94.85211215 96.35057776 94.81642462 94.78646448 94.76060496 94.73843240 94.73006532 96.61215213 97.04163898 93.05069318 98.64590063 98.89987204 99.64705110 90.35254954 122.7723431 167.4352362 199.2403646 208.0957333 240.6761326 272.2185257 344.2225504 376.4068963 454.1231954 523.6011370 650.5252683 677.0651601 819.9700626 1820.423785 32323.29919 29646.54983 14481400.27
      sorted:	 90.35254954 93.05069318 94.73006532 94.73843240 94.76060496 94.78646448 94.81642462 94.85211215 94.89068191 94.93234091 94.97440741 95.01783194 95.06195460 95.10710116 95.15064976 95.19324906 95.23317104 95.27031176 95.30581972 95.33828792 95.36946860 95.39874010 95.42755385 95.45770666 95.47779553 95.50278163 95.53470860 95.57767491 95.62058763 95.65615487 95.68258441 95.72772654 95.77948938 95.80313519 95.83676099 95.89561269 95.95937809 96.02438773 96.08475300 96.12923221 96.13724926 96.17030927 96.17811050 96.20275640 96.21701141 96.22016862 96.22790645 96.25888602 96.29417663 96.35057776 96.38285597 96.38285597 96.38285597 96.38285597 96.38285597 96.38285597 96.38285597 96.38285597 96.38285597 96.38285597 96.61215213 97.04163898 98.64590063 98.89987204 99.64705110 122.7723431 167.4352362 199.2403646 208.0957333 240.6761326 272.2185257 344.2225504 376.4068963 454.1231954 523.6011370 650.5252683 677.0651601 819.9700626 1820.423785 29646.54983 32323.29919 14481400.27
