    unsorted:	 96.38285597 96.38285597 96.38285597 96.38285597 96.38285597 96.38285597 96.38285597 96.38285597 96.38285597 96.38285598 225.8535844 220.7326489 219.2719762 218.2990085 215.3877478 231.8447222 234.9908653 204.6729467 202.7727180 200.0119371 246.8850335 187.7069141 184.7186808 179.9996453 171.4206311 169.9934270 254.0772921 261.3150330 265.4386437 268.2783941 277.0323722 284.4080963 285.2125037 288.4637613 160.6614921 295.2833771 149.5054997 142.7892047 131.2536086 129.0172855 123.7044661 312.5475429 314.1812808 315.0082433 115.0699228 94.09095989 340.6502781 357.7148376 362.7687575 53.92068623 56.42908973 51.59322812 49.37451169 47.28170377 45.41584478 43.82093724 42.41556433 40.91380525 38.84011002 70.71821410 35.70432068 31.33193864 26.25733480 20.14799863 381.0559335 394.2310048 415.5800778 432.1342455 463.3326219 474.0065621 481.6556853 501.4923284 534.9305963 544.9424529 588.4475869 597.8553254 629.0998139 640.1778120 676.3910329 692.3812373 734.9352050 747.0241625 875.0548904 909.3428272 929.3519673 956.5444971 984.6817899 1039.710084 1119.157352 1173.288107 1183.724768 1226.887561 1582.985033 1629.470903 1700.418311 1806.672865 1879.191130 1930.231307 2058.126173 2264.558493 2352.872463 2867.840636 2813.556226 2904.882524 3250.679440 3724.266583 3835.098771 4414.858602 4464.417128 4870.180225 4929.226945 5336.980574 6485.918514 6866.162816 7234.936515 7578.336240 8446.005472 9378.916456 9785.770464 10797.69144 11324.82415 12140.53251 12835.97981 12957.82523 14915.96676 15420.68541 16743.87119 18559.73590 20593.30685 21997.31636 24455.99726 28571.99558 30079.42265 31277.18691 32520.74362 38901.32645 47244.39852 60018.22170 66177.73699 149643.8066 10747108.86 94217221.04
      sorted:	 20.14799863 26.25733480 31.33193864 35.70432068 38.84011002 40.91380525 42.41556433 43.82093724 45.41584478 47.28170377 49.37451169 51.59322812 53.92068623 56.42908973 70.71821410 94.09095989 96.38285597 96.38285597 96.38285597 96.38285597 96.38285597 96.38285597 96.38285597 96.38285597 96.38285597 96.38285598 115.0699228 123.7044661 129.0172855 131.2536086 142.7892047 149.5054997 160.6614921 169.9934270 171.4206311 179.9996453 184.7186808 187.7069141 200.0119371 202.7727180 204.6729467 215.3877478 218.2990085 219.2719762 220.7326489 225.8535844 231.8447222 234.9908653 246.8850335 254.0772921 261.3150330 265.4386437 268.2783941 277.0323722 284.4080963 285.2125037 288.4637613 295.2833771 312.5475429 314.1812808 315.0082433 340.6502781 357.7148376 362.7687575 381.0559335 394.2310048 415.5800778 432.1342455 463.3326219 474.0065621 481.6556853 501.4923284 534.9305963 544.9424529 588.4475869 597.8553254 629.0998139 640.1778120 676.3910329 692.3812373 734.9352050 747.0241625 875.0548904 909.3428272 929.3519673 956.5444971 984.6817899 1039.710084 1119.157352 1173.288107 1183.724768 1226.887561 1582.985033 1629.470903 1700.418311 1806.672865 1879.191130 1930.231307 2058.126173 2264.558493 2352.872463 2813.556226 2867.840636 2904.882524 3250.679440 3724.266583 3835.098771 4414.858602 4464.417128 4870.180225 4929.226945 5336.980574 6485.918514 6866.162816 7234.936515 7578.336240 8446.005472 9378.916456 9785.770464 10797.69144 11324.82415 12140.53251 12835.97981 12957.82523 14915.96676 15420.68541 16743.87119 18559.73590 20593.30685 21997.31636 24455.99726 28571.99558 30079.42265 31277.18691 32520.74362 38901.32645 47244.39852 60018.22170 66177.73699 149643.8066 10747108.86 94217221.04
