    unsorted:	 96.38285597 96.38285597 96.38285597 96.38285597 96.38285597 96.38285597 96.38285597 96.38285597 96.38285597 96.38285597 96.41132340 96.41201951 96.41065090 96.41274537 96.40997067 96.41353637 96.40922318 96.41443520 96.40836554 96.41544505 96.41653918 96.41768572 96.40739775 96.41838955 96.41911066 96.40636035 96.42048823 96.40529433 96.42202259 96.40421063 96.42363107 96.42506998 96.42512695 96.42543532 96.42676307 96.42761925 96.40310621 96.40198652 96.40085928 96.43262454 96.43365615 96.43507558 96.39576179 96.43925073 96.38529382 96.44612208 96.45585268 96.37006343 96.46832814 96.48400673 96.50907072 96.57033592 96.16015127 96.74240822 97.18977403 98.22115876 93.56556983 100.2726790 103.0492901 104.0073530 107.8689597 87.29190200 109.7036095 131.2159751 146.6039793 201.7152304 217.9103417 251.2674587 350.2513226 492.0962725 712.4031383 1003.262200 1389.723414 5124.742158 15651.16997 38359.77017 102352.0000
      sorted:	 87.29190200 93.56556983 96.16015127 96.37006343 96.38285597 96.38285597 96.38285597 96.38285597 96.38285597 96.38285597 96.38285597 96.38285597 96.38285597 96.38285597 96.38529382 96.39576179 96.40085928 96.40198652 96.40310621 96.40421063 96.40529433 96.40636035 96.40739775 96.40836554 96.40922318 96.40997067 96.41065090 96.41132340 96.41201951 96.41274537 96.41353637 96.41443520 96.41544505 96.41653918 96.41768572 96.41838955 96.41911066 96.42048823 96.42202259 96.42363107 96.42506998 96.42512695 96.42543532 96.42676307 96.42761925 96.43262454 96.43365615 96.43507558 96.43925073 96.44612208 96.45585268 96.46832814 96.48400673 96.50907072 96.57033592 96.74240822 97.18977403 98.22115876 100.2726790 103.0492901 104.0073530 107.8689597 109.7036095 131.2159751 146.6039793 201.7152304 217.9103417 251.2674587 350.2513226 492.0962725 712.4031383 1003.262200 1389.723414 5124.742158 15651.16997 38359.77017 102352.0000
