    unsorted:	 96.38285597 96.38285597 96.38285597 96.38285597 96.38285597 96.38285597 96.38285597 96.38285597 96.38285597 96.38285597 94.28791265 93.90507921 94.61148806 93.45232531 94.88484590 92.91781589 92.28814455 91.54978790 90.68987274 89.69695695 88.55766646 87.24583661 85.72110243 83.99516818 82.76041548 81.30330126 78.69577594 75.69168316 74.93825688 72.36109806 72.02964263 69.38582933 68.28750917 67.44542140 151.1463770 1494.473025 1515.691115 1469.348489 1434.470515 1313.502022 1254.240050 1692.331064 1717.935834 1930.179380 1993.233827 1023.292558 1104.544191 2132.875707 2184.431669 2245.968665 2316.804866 734.9403886 867.9224052 625.1075271 2518.102491 2537.894642 2645.001388 2750.296620 2825.945223 3005.111482 3047.577821 3422.282077 3460.787334 3537.407409 3565.147104 3799.648616 3820.371476 3709.885372 3969.735923 4050.717715 4217.293990 4279.303336 4348.943152 4396.909923 4577.295934 4724.332098 4833.145495 4947.156874 5124.235493 5226.912168 5812.337802 5848.059589 5995.268454 6065.498053 6157.681249 6649.177587 7084.236705 7129.315234 7358.941401 7482.495312 7758.783300 7973.333447 8337.292307 8656.811878 9320.814380 9352.944921 9671.575217 10021.39516 10410.73507 10518.83258 11451.48857 11881.14693 12300.36913 12155.70328 13002.84246 12712.05342 13706.56440 14025.50791 14170.86430 14098.15155 14528.11995 15692.06389 16248.19747 17046.67061 17446.98173 19305.29185 20165.35375 20992.65537 21871.63461 22791.49802 25087.98978 25498.37844 26591.06633 27537.87748 29587.30558 29469.32146 31113.85071 36492.59532 38055.39875 40434.24742 41134.50141 46430.32661 50121.24020 51554.77975 54315.82930 58148.09656 65280.38826 88197.39958 103266.6765 127212.1467 6655705.441 1.268370999e+10
      sorted:	 67.44542140 68.28750917 69.38582933 72.02964263 72.36109806 74.93825688 75.69168316 78.69577594 81.30330126 82.76041548 83.99516818 85.72110243 87.24583661 88.55766646 89.69695695 90.68987274 91.54978790 92.28814455 92.91781589 93.45232531 93.90507921 94.28791265 94.61148806 94.88484590 96.38285597 96.38285597 96.38285597 96.38285597 96.38285597 96.38285597 96.38285597 96.38285597 96.38285597 96.38285597 151.1463770 625.1075271 734.9403886 867.9224052 1023.292558 1104.544191 1254.240050 1313.502022 1434.470515 1469.348489 1494.473025 1515.691115 1692.331064 1717.935834 1930.179380 1993.233827 2132.875707 2184.431669 2245.968665 2316.804866 2518.102491 2537.894642 2645.001388 2750.296620 2825.945223 3005.111482 3047.577821 3422.282077 3460.787334 3537.407409 3565.147104 3709.885372 3799.648616 3820.371476 3969.735923 4050.717715 4217.293990 4279.303336 4348.943152 4396.909923 4577.295934 4724.332098 4833.145495 4947.156874 5124.235493 5226.912168 5812.337802 5848.059589 5995.268454 6065.498053 6157.681249 6649.177587 7084.236705 7129.315234 7358.941401 7482.495312 7758.783300 7973.333447 8337.292307 8656.811878 9320.814380 9352.944921 9671.575217 10021.39516 10410.73507 10518.83258 11451.48857 11881.14693 12155.70328 12300.36913 12712.05342 13002.84246 13706.56440 14025.50791 14098.15155 14170.86430 14528.11995 15692.06389 16248.19747 17046.67061 17446.98173 19305.29185 20165.35375 20992.65537 21871.63461 22791.49802 25087.98978 25498.37844 26591.06633 27537.87748 29469.32146 29587.30558 31113.85071 36492.59532 38055.39875 40434.24742 41134.50141 46430.32661 50121.24020 51554.77975 54315.82930 58148.09656 65280.38826 88197.39958 103266.6765 127212.1467 6655705.441 1.268370999e+10
