    unsorted:	 96.38285597 96.38285597 96.38285597 96.38285597 96.38285597 96.38285597 96.38285597 96.38285597 96.38285597 96.38285597 95.08325111 95.04236152 94.98190112 94.93716796 95.14113760 95.17821654 94.87246878 95.23549424 94.82331603 95.31095916 94.72001853 95.38717981 94.59910443 95.46253039 94.46810194 94.32766125 94.17752658 94.01714877 93.84582830 95.71897324 93.66276143 93.46705392 93.25771980 93.03367043 92.79369102 92.53638766 92.26006762 91.96242551 91.63913783 91.11285749 90.74498744 90.35032428 97.13992068 89.92654716 89.47136709 88.98186322 88.45507999 87.88977435 87.28349355 86.63875148 85.96982582 85.35288321 84.83049506 84.13494984 83.27441480 82.31266611 81.26006509 80.11401621 78.87101681 77.52363423 76.07796027 105.5443081 74.58754337 73.30703965 72.09042224 108.9016254 70.34785752 110.0671240 68.27614277 65.99610612 63.65669905 61.69760560 59.60550861 120.8558452 56.75963359 53.71559111 51.13795053 127.7363987 48.41965990 131.9609846 45.18818794 42.45402615 39.88349865 37.47235918 35.74542704 34.55731674 140.3026976 142.3876080 151.2771043 157.2738976 158.8258027 164.1566420 165.0550127 166.6729172 176.3013104 184.3267387 188.5044537 0.03193968698 208.8482037 216.4550227 227.3211254 229.5367280 246.1603296 270.0128458 280.9192033 318.0926469 354.1927489 412.1665751 507.6477008 606.4053096 694.3933615 813.0390500 1079.502436 1259.589413 1630.019047 2002.331487 2155.547804 2989.425551 3293.933675 10952.77670 16128.00550 244852.3977
      sorted:	 0.03193968698 34.55731674 35.74542704 37.47235918 39.88349865 42.45402615 45.18818794 48.41965990 51.13795053 53.71559111 56.75963359 59.60550861 61.69760560 63.65669905 65.99610612 68.27614277 70.34785752 72.09042224 73.30703965 74.58754337 76.07796027 77.52363423 78.87101681 80.11401621 81.26006509 82.31266611 83.27441480 84.13494984 84.83049506 85.35288321 85.96982582 86.63875148 87.28349355 87.88977435 88.45507999 88.98186322 89.47136709 89.92654716 90.35032428 90.74498744 91.11285749 91.63913783 91.96242551 92.26006762 92.53638766 92.79369102 93.03367043 93.25771980 93.46705392 93.66276143 93.84582830 94.01714877 94.17752658 94.32766125 94.46810194 94.59910443 94.72001853 94.82331603 94.87246878 94.93716796 94.98190112 95.04236152 95.08325111 95.14113760 95.17821654 95.23549424 95.31095916 95.38717981 95.46253039 95.71897324 96.38285597 96.38285597 96.38285597 96.38285597 96.38285597 96.38285597 96.38285597 96.38285597 96.38285597 96.38285597 97.13992068 105.5443081 108.9016254 110.0671240 120.8558452 127.7363987 131.9609846 140.3026976 142.3876080 151.2771043 157.2738976 158.8258027 164.1566420 165.0550127 166.6729172 176.3013104 184.3267387 188.5044537 208.8482037 216.4550227 227.3211254 229.5367280 246.1603296 270.0128458 280.9192033 318.0926469 354.1927489 412.1665751 507.6477008 606.4053096 694.3933615 813.0390500 1079.502436 1259.589413 1630.019047 2002.331487 2155.547804 2989.425551 3293.933675 10952.77670 16128.00550 244852.3977
