    unsorted:	 96.38285597 96.38285597 96.38285597 96.38285597 96.38285597 96.38285597 96.38285597 96.38285597 96.38285597 96.38285597 95.82674239 95.86467352 95.78687404 95.90026919 95.74459042 95.93367989 95.69904637 95.96514132 95.65045708 95.99494404 95.59861615 96.02340592 95.54328596 96.05100448 95.48420912 95.42110831 95.35368459 95.28161537 95.20455220 96.12788328 95.12211879 95.03390963 94.93948964 94.83839431 94.73012464 94.61412220 94.48970457 94.35591678 94.21087754 94.02250192 93.88679245 93.79330642 93.65547254 93.47804721 93.28302136 96.75918284 93.07340826 92.84912840 92.61074400 92.35868422 92.09672886 91.83515833 91.59331196 91.34988580 91.06068324 90.73404894 90.38474089 90.01913618 89.63937207 89.24600859 88.84191674 88.45179579 88.18768923 87.91523879 87.57301484 87.39523530 87.13250852 86.99837938 86.80928068 86.69980140 86.54510241 86.43056742 86.32127847 86.24351579 86.19312247 100.4719285 100.6414727 103.8609346 105.1177238 109.0341926 110.4964636 116.4646378 72.56413592 122.7349944 68.46641257 127.1029857 129.1748585 133.7716592 135.3579902 140.8299404 142.1388809 145.6652405 147.7707048 148.6320717 149.6088620 150.7123646 169.5112110 170.6169155 180.4534773 179.0316483 187.3593750 194.6836482 199.2228108 0.01116500246 217.1627840 293.4854585 295.5067286 333.4315291 359.7904113 427.4982361 575.9257809 694.9065873 801.7378829 964.6277437 1366.414350 1942.821904 2308.291873 4190.234561 5060.052493 7425.895772 16052.33701 164523.0309
      sorted:	 0.01116500246 68.46641257 72.56413592 86.19312247 86.24351579 86.32127847 86.43056742 86.54510241 86.69980140 86.80928068 86.99837938 87.13250852 87.39523530 87.57301484 87.91523879 88.18768923 88.45179579 88.84191674 89.24600859 89.63937207 90.01913618 90.38474089 90.73404894 91.06068324 91.34988580 91.59331196 91.83515833 92.09672886 92.35868422 92.61074400 92.84912840 93.07340826 93.28302136 93.47804721 93.65547254 93.79330642 93.88679245 94.02250192 94.21087754 94.35591678 94.48970457 94.61412220 94.73012464 94.83839431 94.93948964 95.03390963 95.12211879 95.20455220 95.28161537 95.35368459 95.42110831 95.48420912 95.54328596 95.59861615 95.65045708 95.69904637 95.74459042 95.78687404 95.82674239 95.86467352 95.90026919 95.93367989 95.96514132 95.99494404 96.02340592 96.05100448 96.12788328 96.38285597 96.38285597 96.38285597 96.38285597 96.38285597 96.38285597 96.38285597 96.38285597 96.38285597 96.38285597 96.75918284 100.4719285 100.6414727 103.8609346 105.1177238 109.0341926 110.4964636 116.4646378 122.7349944 127.1029857 129.1748585 133.7716592 135.3579902 140.8299404 142.1388809 145.6652405 147.7707048 148.6320717 149.6088620 150.7123646 169.5112110 170.6169155 179.0316483 180.4534773 187.3593750 194.6836482 199.2228108 217.1627840 293.4854585 295.5067286 333.4315291 359.7904113 427.4982361 575.9257809 694.9065873 801.7378829 964.6277437 1366.414350 1942.821904 2308.291873 4190.234561 5060.052493 7425.895772 16052.33701 164523.0309
