    unsorted:	 96.38285597 96.38285597 96.38285597 96.38285597 96.38285597 96.38285597 96.38285597 96.38285597 96.38285597 96.38285597 96.30600325 96.31253583 96.31634884 96.29468186 96.27515835 96.24841599 96.21701747 96.35588752 96.18690795 96.38678715 96.15955061 96.12877096 96.08872047 96.03701828 95.96845444 95.88097005 95.77850494 95.67240209 96.52827439 95.56714436 95.46631777 95.39219117 95.31269109 95.23222825 95.13592205 95.05171155 94.96048942 94.85800394 94.76253187 96.67515194 94.65474092 94.55353587 94.44769909 94.34164819 94.23692470 94.13015265 94.02942506 93.92709817 93.83164480 93.73799883 93.64705642 93.56027510 93.47675951 93.39869139 93.32785366 93.26632539 93.21739149 93.17649374 93.16471837 97.11034995 98.39604512 89.91741423 103.7408546 88.07349827 47.70587338 173.8248432 319.8284813 352.4262014 429.1206626 474.9572593 651.8533423 729.5970410 856.9751586 975.8132419 1012.706903 1220.626891 1363.768040 1537.772998 1739.078544 2178.217832 2486.092893 2400.457884 2908.229558 3002.740158 3966.548509 4318.712655 4648.657035 5343.675313 7119.026884 25428.73101 225465.1907 4034521603.
      sorted:	 47.70587338 88.07349827 89.91741423 93.16471837 93.17649374 93.21739149 93.26632539 93.32785366 93.39869139 93.47675951 93.56027510 93.64705642 93.73799883 93.83164480 93.92709817 94.02942506 94.13015265 94.23692470 94.34164819 94.44769909 94.55353587 94.65474092 94.76253187 94.85800394 94.96048942 95.05171155 95.13592205 95.23222825 95.31269109 95.39219117 95.46631777 95.56714436 95.67240209 95.77850494 95.88097005 95.96845444 96.03701828 96.08872047 96.12877096 96.15955061 96.18690795 96.21701747 96.24841599 96.27515835 96.29468186 96.30600325 96.31253583 96.31634884 96.35588752 96.38285597 96.38285597 96.38285597 96.38285597 96.38285597 96.38285597 96.38285597 96.38285597 96.38285597 96.38285597 96.38678715 96.52827439 96.67515194 97.11034995 98.39604512 103.7408546 173.8248432 319.8284813 352.4262014 429.1206626 474.9572593 651.8533423 729.5970410 856.9751586 975.8132419 1012.706903 1220.626891 1363.768040 1537.772998 1739.078544 2178.217832 2400.457884 2486.092893 2908.229558 3002.740158 3966.548509 4318.712655 4648.657035 5343.675313 7119.026884 25428.73101 225465.1907 4034521603.
