    unsorted:	 96.38285597 96.38285597 96.38285597 96.38285597 96.38285597 96.38285597 96.38285597 96.38285597 96.38285597 96.38285597 96.25756015 96.26384543 96.26279231 96.26509524 96.25983838 96.25646190 96.25256431 96.26952712 96.24846367 96.27202844 96.24417971 96.24008035 96.23740773 96.22969012 96.22765338 96.27838214 96.21981595 96.21470031 96.20971506 96.28499019 96.20143341 96.19850666 96.19010446 96.29131938 96.18455351 96.17929887 96.17055754 96.16730118 96.29732522 96.15929893 96.15278761 96.14843300 96.30299335 96.13963516 96.13592901 96.30830232 96.12846911 96.31201695 96.31351544 96.12188825 96.31808844 96.11736657 96.10880568 96.10561044 96.09740715 96.09317550 96.08673682 96.08119119 96.07095998 96.06265828 96.05924187 96.05339204 96.04999634 96.04496185 96.04163921 96.03751741 96.03423941 96.03117888 96.02345098 96.02804520 96.02368533 96.02628655 96.02117656 96.02150096 96.02033011 96.34116880 96.35541330 96.40639003 96.52245724 96.58155545 96.73012711 95.73068310 96.84073958 97.07344276 97.26430874 94.34577283 92.45072097 100.6878931 90.27390889 102.0146596 88.98444095 88.15143126 103.3668182 86.57933084 105.8826344 79.38034584 128.3493125 147.5562849 153.6606543 159.7318168 168.5994049 188.2244169 239.4505631 279.7854321 393.1863809 563.6069114 723.6843890 1112.301371 1648.224997 18669.11814 38147.82698 8856628.662
      sorted:	 79.38034584 86.57933084 88.15143126 88.98444095 90.27390889 92.45072097 94.34577283 95.73068310 96.02033011 96.02117656 96.02150096 96.02345098 96.02368533 96.02628655 96.02804520 96.03117888 96.03423941 96.03751741 96.04163921 96.04496185 96.04999634 96.05339204 96.05924187 96.06265828 96.07095998 96.08119119 96.08673682 96.09317550 96.09740715 96.10561044 96.10880568 96.11736657 96.12188825 96.12846911 96.13592901 96.13963516 96.14843300 96.15278761 96.15929893 96.16730118 96.17055754 96.17929887 96.18455351 96.19010446 96.19850666 96.20143341 96.20971506 96.21470031 96.21981595 96.22765338 96.22969012 96.23740773 96.24008035 96.24417971 96.24846367 96.25256431 96.25646190 96.25756015 96.25983838 96.26279231 96.26384543 96.26509524 96.26952712 96.27202844 96.27838214 96.28499019 96.29131938 96.29732522 96.30299335 96.30830232 96.31201695 96.31351544 96.31808844 96.34116880 96.35541330 96.38285597 96.38285597 96.38285597 96.38285597 96.38285597 96.38285597 96.38285597 96.38285597 96.38285597 96.38285597 96.40639003 96.52245724 96.58155545 96.73012711 96.84073958 97.07344276 97.26430874 100.6878931 102.0146596 103.3668182 105.8826344 128.3493125 147.5562849 153.6606543 159.7318168 168.5994049 188.2244169 239.4505631 279.7854321 393.1863809 563.6069114 723.6843890 1112.301371 1648.224997 18669.11814 38147.82698 8856628.662
