    unsorted:	 96.38285597 96.38285597 96.38285597 96.38285597 96.38285597 96.38285597 96.38285597 96.38285597 96.38285597 96.38285597 96.52563105 96.52758870 96.52909822 96.53101991 96.52324493 96.52226395 96.52077976 96.53274257 96.53443251 96.51815015 96.51753826 96.53622579 96.53783109 96.53950913 96.54105690 96.54255936 96.54397825 96.54527482 96.54647660 96.54752247 96.54844871 96.54922174 96.54986206 96.55033503 96.55062771 96.55118000 96.55116482 96.51484941 96.51285814 96.51039006 96.50802217 96.50291805 96.50440581 96.49868299 96.49351012 96.49524561 96.48931855 96.48510440 96.48281517 96.47955381 96.47513404 96.47150885 96.46944537 96.46536218 96.46093373 96.45662562 96.45290863 96.45117778 96.44788674 96.44407488 96.44038509 96.43688072 96.43359931 96.43066732 96.42863949 96.42677447 96.42425723 96.42172443 96.41930845 96.41702308 96.41489672 96.41309675 96.40888699 96.37926820 96.65413836 96.34859933 96.33425478 96.27112140 97.14165302 95.91134586 95.43068844 97.97164722 98.08286163 94.57178423 99.19799342 100.6525908 101.5003885 102.7043825 103.9207551 104.4389073 84.00516832 114.4739181 120.5702892 70.54861265 68.53641613 130.9499911 134.7382982 60.11602576 148.7288712 151.6937165 162.2012148 170.0332481 194.5885167 222.3916393 276.6835068 307.2778888 535.6692837 848.4319117 1114.971173 18645.75418 21789.47823 109532.1107
      sorted:	 60.11602576 68.53641613 70.54861265 84.00516832 94.57178423 95.43068844 95.91134586 96.27112140 96.33425478 96.34859933 96.37926820 96.38285597 96.38285597 96.38285597 96.38285597 96.38285597 96.38285597 96.38285597 96.38285597 96.38285597 96.38285597 96.40888699 96.41309675 96.41489672 96.41702308 96.41930845 96.42172443 96.42425723 96.42677447 96.42863949 96.43066732 96.43359931 96.43688072 96.44038509 96.44407488 96.44788674 96.45117778 96.45290863 96.45662562 96.46093373 96.46536218 96.46944537 96.47150885 96.47513404 96.47955381 96.48281517 96.48510440 96.48931855 96.49351012 96.49524561 96.49868299 96.50291805 96.50440581 96.50802217 96.51039006 96.51285814 96.51484941 96.51753826 96.51815015 96.52077976 96.52226395 96.52324493 96.52563105 96.52758870 96.52909822 96.53101991 96.53274257 96.53443251 96.53622579 96.53783109 96.53950913 96.54105690 96.54255936 96.54397825 96.54527482 96.54647660 96.54752247 96.54844871 96.54922174 96.54986206 96.55033503 96.55062771 96.55116482 96.55118000 96.65413836 97.14165302 97.97164722 98.08286163 99.19799342 100.6525908 101.5003885 102.7043825 103.9207551 104.4389073 114.4739181 120.5702892 130.9499911 134.7382982 148.7288712 151.6937165 162.2012148 170.0332481 194.5885167 222.3916393 276.6835068 307.2778888 535.6692837 848.4319117 1114.971173 18645.75418 21789.47823 109532.1107
