    unsorted:	 96.38285597 96.38285597 96.38285597 96.38285597 96.38285597 96.38285597 96.38285597 96.38285597 96.38285597 96.38285597 209.3549849 209.8042660 211.3323968 213.6676633 222.6014039 221.3786798 224.7989716 227.1249902 228.1081154 233.1352298 236.1521993 200.8864368 195.1761703 193.2852904 239.6745796 190.0516342 243.4376588 181.0074057 182.1628255 173.5387215 168.7200852 165.9223846 161.7473785 256.5498540 257.2482386 264.2102654 152.7964241 270.2186073 271.8495132 278.8692763 140.7381743 133.0560130 96.61730793 98.89223440 93.81986279 90.40413511 111.9111927 114.5751847 86.30849375 81.58748094 77.07242020 74.22564100 69.34028400 63.83937988 60.58634204 58.32341669 55.79175211 53.75448804 52.72476979 50.52082591 47.50465166 47.00577924 43.64586923 41.37246180 295.6707592 300.8990302 303.6127649 316.0593929 335.1130986 366.9676228 377.0163199 394.7269623 409.9179448 433.2112458 445.2840316 456.1772223 467.9974909 505.4194122 508.1530005 527.8467995 531.6334785 554.3307647 598.2544274 639.5244615 726.6923887 739.9990269 789.3607236 845.5089669 899.2411481 1000.750680 1018.135902 1030.949203 1077.694598 1106.969211 1236.889373 1283.012910 1404.192159 1593.646043 1633.184891 1716.368303 1803.510782 1915.018423 1992.325228 2218.497755 2406.907013 2572.587691 2854.799299 2888.312982 3244.724609 3405.104717 3731.366898 4170.635988 4233.385757 4978.845949 5299.859830 5849.725740 7253.631533 7636.953435 8623.139151 9288.091475 9946.688580 10453.78996 12917.16509 16021.16702 16053.18649 15833.97520 16846.38713 19103.33218 24011.25350 26368.32061 28852.88941 32081.04977 41995.59027 40726.37984 47067.14876 51478.85169 52456.12488 54860.39398 62761.48619 119309.0614 8158590.135 46182050.90
      sorted:	 41.37246180 43.64586923 47.00577924 47.50465166 50.52082591 52.72476979 53.75448804 55.79175211 58.32341669 60.58634204 63.83937988 69.34028400 74.22564100 77.07242020 81.58748094 86.30849375 90.40413511 93.81986279 96.38285597 96.38285597 96.38285597 96.38285597 96.38285597 96.38285597 96.38285597 96.38285597 96.38285597 96.38285597 96.61730793 98.89223440 111.9111927 114.5751847 133.0560130 140.7381743 152.7964241 161.7473785 165.9223846 168.7200852 173.5387215 181.0074057 182.1628255 190.0516342 193.2852904 195.1761703 200.8864368 209.3549849 209.8042660 211.3323968 213.6676633 221.3786798 222.6014039 224.7989716 227.1249902 228.1081154 233.1352298 236.1521993 239.6745796 243.4376588 256.5498540 257.2482386 264.2102654 270.2186073 271.8495132 278.8692763 295.6707592 300.8990302 303.6127649 316.0593929 335.1130986 366.9676228 377.0163199 394.7269623 409.9179448 433.2112458 445.2840316 456.1772223 467.9974909 505.4194122 508.1530005 527.8467995 531.6334785 554.3307647 598.2544274 639.5244615 726.6923887 739.9990269 789.3607236 845.5089669 899.2411481 1000.750680 1018.135902 1030.949203 1077.694598 1106.969211 1236.889373 1283.012910 1404.192159 1593.646043 1633.184891 1716.368303 1803.510782 1915.018423 1992.325228 2218.497755 2406.907013 2572.587691 2854.799299 2888.312982 3244.724609 3405.104717 3731.366898 4170.635988 4233.385757 4978.845949 5299.859830 5849.725740 7253.631533 7636.953435 8623.139151 9288.091475 9946.688580 10453.78996 12917.16509 15833.97520 16021.16702 16053.18649 16846.38713 19103.33218 24011.25350 26368.32061 28852.88941 32081.04977 40726.37984 41995.59027 47067.14876 51478.85169 52456.12488 54860.39398 62761.48619 119309.0614 8158590.135 46182050.90
