    unsorted:	 96.38285597 96.38285597 96.38285597 96.38285597 96.38285597 96.38285597 96.38285597 96.38285597 96.38285597 96.38285597 96.23587577 96.27498986 96.27521724 96.26928806 96.26739273 96.26353858 96.25943847 96.25789924 96.25247833 96.25149731 96.24706198 96.24407743 96.24166179 96.23760730 96.28088300 96.28233351 96.28662982 96.28890785 96.29226422 96.29492387 96.29774907 96.23233414 96.22997301 96.22907052 96.22666308 96.22392744 96.22111269 96.21890048 96.21540106 96.21408005 96.30060111 96.30305626 96.30599476 96.30816907 96.21052044 96.20910591 96.31096702 96.31307947 96.20648427 96.20436295 96.20295657 96.31532721 96.20049796 96.19968353 96.19655201 96.19751066 96.19495279 96.19410745 96.19321470 96.19294788 96.31775978 96.31927568 96.32124015 96.32277522 96.32448113 96.32789179 96.33456577 96.34239008 96.35233660 96.36467321 96.37705924 96.40949098 96.43339820 96.45170647 96.08545961 96.48721924 96.50140595 95.74675803 94.98737644 97.39578712 94.27214442 93.76612405 92.34244362 91.28380025 100.7873391 90.17346638 89.18165820 87.54266230 85.32106840 83.53986587 82.10562145 110.0620212 121.1380738 125.2837045 132.2030562 139.5364518 146.3621272 151.0273682 303.5844292 580.6602572 9016.203956 21600.99681 555779.3106
      sorted:	 82.10562145 83.53986587 85.32106840 87.54266230 89.18165820 90.17346638 91.28380025 92.34244362 93.76612405 94.27214442 94.98737644 95.74675803 96.08545961 96.19294788 96.19321470 96.19410745 96.19495279 96.19655201 96.19751066 96.19968353 96.20049796 96.20295657 96.20436295 96.20648427 96.20910591 96.21052044 96.21408005 96.21540106 96.21890048 96.22111269 96.22392744 96.22666308 96.22907052 96.22997301 96.23233414 96.23587577 96.23760730 96.24166179 96.24407743 96.24706198 96.25149731 96.25247833 96.25789924 96.25943847 96.26353858 96.26739273 96.26928806 96.27498986 96.27521724 96.28088300 96.28233351 96.28662982 96.28890785 96.29226422 96.29492387 96.29774907 96.30060111 96.30305626 96.30599476 96.30816907 96.31096702 96.31307947 96.31532721 96.31775978 96.31927568 96.32124015 96.32277522 96.32448113 96.32789179 96.33456577 96.34239008 96.35233660 96.36467321 96.37705924 96.38285597 96.38285597 96.38285597 96.38285597 96.38285597 96.38285597 96.38285597 96.38285597 96.38285597 96.38285597 96.40949098 96.43339820 96.45170647 96.48721924 96.50140595 97.39578712 100.7873391 110.0620212 121.1380738 125.2837045 132.2030562 139.5364518 146.3621272 151.0273682 303.5844292 580.6602572 9016.203956 21600.99681 555779.3106
