    unsorted:	 96.38285597 96.38285597 96.38285597 96.38285597 96.38285597 96.38285597 96.38285597 96.38285597 96.38285597 96.38285597 96.36990992 96.36758747 96.37188027 96.36485068 96.37355164 96.36162658 96.35782981 96.35336060 96.34810260 96.34192032 96.33465624 96.32612707 96.31611857 96.30437216 96.28937286 96.27156867 96.25046161 96.22544643 96.19580293 96.16068923 96.11914889 96.07014054 96.01260078 95.94556207 95.86834201 95.78073461 95.68362650 95.57782002 95.45936844 95.34048816 95.19740458 95.02944202 94.83523255 94.61155179 94.35383420 94.05501408 93.70665505 93.29676939 92.80677470 92.20893206 91.45827178 90.48113173 100.9714618 89.15940404 87.31954809 84.75326113 81.90958825 81.04013865 76.78809463 117.9023834 72.70748102 142.8421636 171.7801790 201.4330508 196.5146300 195.2283780 204.4022973 219.1830845 224.0646089 226.1484224 238.0186648 238.5474407 252.7104783 248.7187596 264.1205679 271.8607995 322.1536052 319.9425721 316.1975830 329.1672647 330.9433056 337.8421595 347.8084066 345.3544646 353.2413718 363.3796085 371.3663546 405.0648769 423.1885576 442.0758755 447.3594847 455.1659376 452.9650365 474.7276476 494.2435275 506.0750115 512.4158061 548.4131725 558.2185510 559.1713208 583.1169494 592.2853683 604.4320542 606.7240016 629.5442839 691.0552828 694.3629619 765.5811998 782.6365686 808.2831035 834.5414323 890.9515609 986.7460985 992.3895672 1003.832600 1056.108140 1058.377707 1110.284662 1131.401482 1194.733751 1242.971386 1256.698996 1285.827402 1314.379216 1357.871649 1373.118407 1384.838267 1388.227329 1409.315374 1573.993932 1595.748207 1670.855502 1764.035763 1816.692497 1953.600035 2004.975351 2270.108779 3302.225850 3926.182595 12441.66195 239978.6589 87917530.61
      sorted:	 72.70748102 76.78809463 81.04013865 81.90958825 84.75326113 87.31954809 89.15940404 90.48113173 91.45827178 92.20893206 92.80677470 93.29676939 93.70665505 94.05501408 94.35383420 94.61155179 94.83523255 95.02944202 95.19740458 95.34048816 95.45936844 95.57782002 95.68362650 95.78073461 95.86834201 95.94556207 96.01260078 96.07014054 96.11914889 96.16068923 96.19580293 96.22544643 96.25046161 96.27156867 96.28937286 96.30437216 96.31611857 96.32612707 96.33465624 96.34192032 96.34810260 96.35336060 96.35782981 96.36162658 96.36485068 96.36758747 96.36990992 96.37188027 96.37355164 96.38285597 96.38285597 96.38285597 96.38285597 96.38285597 96.38285597 96.38285597 96.38285597 96.38285597 96.38285597 100.9714618 117.9023834 142.8421636 171.7801790 195.2283780 196.5146300 201.4330508 204.4022973 219.1830845 224.0646089 226.1484224 238.0186648 238.5474407 248.7187596 252.7104783 264.1205679 271.8607995 316.1975830 319.9425721 322.1536052 329.1672647 330.9433056 337.8421595 345.3544646 347.8084066 353.2413718 363.3796085 371.3663546 405.0648769 423.1885576 442.0758755 447.3594847 452.9650365 455.1659376 474.7276476 494.2435275 506.0750115 512.4158061 548.4131725 558.2185510 559.1713208 583.1169494 592.2853683 604.4320542 606.7240016 629.5442839 691.0552828 694.3629619 765.5811998 782.6365686 808.2831035 834.5414323 890.9515609 986.7460985 992.3895672 1003.832600 1056.108140 1058.377707 1110.284662 1131.401482 1194.733751 1242.971386 1256.698996 1285.827402 1314.379216 1357.871649 1373.118407 1384.838267 1388.227329 1409.315374 1573.993932 1595.748207 1670.855502 1764.035763 1816.692497 1953.600035 2004.975351 2270.108779 3302.225850 3926.182595 12441.66195 239978.6589 87917530.61
