    unsorted:	 96.38285597 96.38285597 96.38285597 96.38285597 96.38285597 96.38285597 96.38285597 96.38285597 96.38285597 96.38285597 312.0865734 311.9280551 328.8626168 330.2997987 326.0954421 321.3593443 341.0986199 344.1527199 348.6470467 292.3637013 296.0636906 288.5053133 278.4535717 275.4896409 372.5039204 368.1088080 377.0651162 379.5520527 262.2669241 252.7134716 246.2285574 243.3646059 394.5112507 420.3972861 420.7952322 412.2342474 431.0235513 437.0896086 440.8830770 445.3086016 219.8706393 457.8701569 146.2542083 147.5043363 148.3575010 144.6973448 142.2293648 140.1326827 135.1169341 133.3803857 128.0454089 121.0786931 118.8401863 113.1432953 101.7995283 105.2732266 98.41493715 97.18268054 94.27261608 173.7675412 192.7881447 89.47816779 82.11893008 75.42707612 69.64488420 67.32968367 64.96115967 473.4976606 522.8845701 542.5967304 565.1129010 587.2491476 600.2721070 610.9350626 618.2025569 635.8390061 690.3119477 743.4162505 748.7426463 777.5583409 802.9876289 810.9940632 966.4924165 1013.027178 1041.524590 1063.565792 1171.002263 1251.671219 1258.402742 1278.596028 1384.747376 1376.636525 1416.084486 1473.911747 1586.143701 1657.832852 1688.600036 1776.629911 2253.507289 2342.637796 2388.746355 2411.655896 2555.093460 2798.267687 3025.874786 3118.599757 3214.429898 3567.494328 3769.115199 4033.454625 4339.969680 4528.690241 4563.272622 4841.374536 4941.527553 5127.258453 5593.512901 6017.391805 8060.834029 8433.746119 8565.803387 9484.051430 10864.35652 12344.53935 12729.27879 12981.91357 13938.43952 14596.47585 16159.50773 20798.80977 23047.06228 26990.52742 27204.29430 28980.17112 30792.97120 37794.23238 38553.27008 41627.02672 43635.03044 51954.67874 8587622.063 18860470.22
      sorted:	 64.96115967 67.32968367 69.64488420 75.42707612 82.11893008 89.47816779 94.27261608 96.38285597 96.38285597 96.38285597 96.38285597 96.38285597 96.38285597 96.38285597 96.38285597 96.38285597 96.38285597 97.18268054 98.41493715 101.7995283 105.2732266 113.1432953 118.8401863 121.0786931 128.0454089 133.3803857 135.1169341 140.1326827 142.2293648 144.6973448 146.2542083 147.5043363 148.3575010 173.7675412 192.7881447 219.8706393 243.3646059 246.2285574 252.7134716 262.2669241 275.4896409 278.4535717 288.5053133 292.3637013 296.0636906 311.9280551 312.0865734 321.3593443 326.0954421 328.8626168 330.2997987 341.0986199 344.1527199 348.6470467 368.1088080 372.5039204 377.0651162 379.5520527 394.5112507 412.2342474 420.3972861 420.7952322 431.0235513 437.0896086 440.8830770 445.3086016 457.8701569 473.4976606 522.8845701 542.5967304 565.1129010 587.2491476 600.2721070 610.9350626 618.2025569 635.8390061 690.3119477 743.4162505 748.7426463 777.5583409 802.9876289 810.9940632 966.4924165 1013.027178 1041.524590 1063.565792 1171.002263 1251.671219 1258.402742 1278.596028 1376.636525 1384.747376 1416.084486 1473.911747 1586.143701 1657.832852 1688.600036 1776.629911 2253.507289 2342.637796 2388.746355 2411.655896 2555.093460 2798.267687 3025.874786 3118.599757 3214.429898 3567.494328 3769.115199 4033.454625 4339.969680 4528.690241 4563.272622 4841.374536 4941.527553 5127.258453 5593.512901 6017.391805 8060.834029 8433.746119 8565.803387 9484.051430 10864.35652 12344.53935 12729.27879 12981.91357 13938.43952 14596.47585 16159.50773 20798.80977 23047.06228 26990.52742 27204.29430 28980.17112 30792.97120 37794.23238 38553.27008 41627.02672 43635.03044 51954.67874 8587622.063 18860470.22
