    unsorted:	 94.20230011 94.34812662 94.05232194 93.90202987 94.48719697 93.74809020 94.61857812 93.57802932 94.74253874 93.38648651 94.86061297 93.17556577 92.94780990 94.99499005 92.70499273 92.44844833 92.13810631 96.38285597 91.82170740 91.51667973 91.19929326 90.83053532 90.41484332 89.96670318 89.50105256 89.07390040 89.03328810 88.62886507 88.19779239 87.69958081 87.17393109 86.67448971 86.24003367 85.76975496 97.84430991 84.70605361 85.22496883 84.36432698 98.20906093 83.68391619 83.28227794 98.74165716 82.87609922 82.47172463 82.16614214 81.87716359 81.66211077 81.50550217 81.40918440 102.4043859 103.9644946 106.3512867 106.2282814 107.8256484 113.8344947 122.3359039 124.9313686 124.8203688 126.2131504 132.6494505 133.8987934 134.5338883 137.7486107 141.6887815 142.3484434 145.8987889 145.9768604 149.3515350 150.4688611 150.7494032 153.0406286 155.3853297 156.6976297 157.5847898 161.3514971 165.9807175 168.5949092 170.2234772 171.8993987 173.2311847 178.0362466 179.1272376 183.4764909 186.7664195 190.1292075 191.4606114 194.3312085 195.5031833 199.1617679 212.5855225 215.2582589 231.3538075 228.1336990 236.6518151 239.0700379 241.6603909 265.2884854 269.4777606 281.0350414 298.8329492 299.8556977 325.1365727 375.9784520 378.7873022 385.6846160 421.7557823 444.5725160 488.3697279 494.0420726 540.9285934 555.3538000 613.9048477 633.0388193 659.8014390 719.9761306 794.1306017 849.7199987 875.4168107 901.2579432 961.4966016 1240.525101 1263.030068 1307.105081 1370.792167 1415.113778 1482.364771 1605.253364 2023.253136 2167.272880 3652.530612 12734.39168 209778.8137 1183804.614
      sorted:	 81.40918440 81.50550217 81.66211077 81.87716359 82.16614214 82.47172463 82.87609922 83.28227794 83.68391619 84.36432698 84.70605361 85.22496883 85.76975496 86.24003367 86.67448971 87.17393109 87.69958081 88.19779239 88.62886507 89.03328810 89.07390040 89.50105256 89.96670318 90.41484332 90.83053532 91.19929326 91.51667973 91.82170740 92.13810631 92.44844833 92.70499273 92.94780990 93.17556577 93.38648651 93.57802932 93.74809020 93.90202987 94.05232194 94.20230011 94.34812662 94.48719697 94.61857812 94.74253874 94.86061297 94.99499005 96.38285597 97.84430991 98.20906093 98.74165716 102.4043859 103.9644946 106.2282814 106.3512867 107.8256484 113.8344947 122.3359039 124.8203688 124.9313686 126.2131504 132.6494505 133.8987934 134.5338883 137.7486107 141.6887815 142.3484434 145.8987889 145.9768604 149.3515350 150.4688611 150.7494032 153.0406286 155.3853297 156.6976297 157.5847898 161.3514971 165.9807175 168.5949092 170.2234772 171.8993987 173.2311847 178.0362466 179.1272376 183.4764909 186.7664195 190.1292075 191.4606114 194.3312085 195.5031833 199.1617679 212.5855225 215.2582589 228.1336990 231.3538075 236.6518151 239.0700379 241.6603909 265.2884854 269.4777606 281.0350414 298.8329492 299.8556977 325.1365727 375.9784520 378.7873022 385.6846160 421.7557823 444.5725160 488.3697279 494.0420726 540.9285934 555.3538000 613.9048477 633.0388193 659.8014390 719.9761306 794.1306017 849.7199987 875.4168107 901.2579432 961.4966016 1240.525101 1263.030068 1307.105081 1370.792167 1415.113778 1482.364771 1605.253364 2023.253136 2167.272880 3652.530612 12734.39168 209778.8137 1183804.614
