    unsorted:	 96.38285597 96.38285597 96.38285597 96.38285597 96.38285597 96.38285597 96.38285597 96.38285597 96.38285597 96.38285597 97.43924602 97.44799412 97.46739851 97.47759284 97.48439731 97.41552789 97.38282479 97.36937542 97.33669806 97.28933722 97.25401052 97.23483168 97.18639906 97.14283153 97.09864476 97.07226488 97.05722873 97.01899800 97.54864690 96.97835379 96.94238873 96.81333540 97.76766738 96.45862449 98.23155473 95.98590550 95.37665582 95.21633856 99.49993349 94.65199517 99.87069112 94.07944425 94.01601253 100.6526178 100.7904772 93.43389274 101.5569129 92.40961934 91.71579419 91.63934969 91.06787850 89.87177992 105.1376294 88.41646653 106.4257342 107.1837275 86.95605906 86.74127359 108.6877058 85.03550931 84.14462384 83.58199452 83.19516043 111.1971867 81.32914566 114.9902977 114.6383573 115.7331271 117.7330160 117.2553777 79.69246762 120.5652586 122.3989252 122.1447863 122.9768820 78.17124575 76.98836263 76.23514943 125.8052282 75.17406508 128.6832179 131.3550138 131.7313750 133.5444226 136.2380034 137.9793434 137.5228887 71.20535816 142.3334045 142.6410912 143.3989336 144.4008700 146.4155457 149.8565616 153.2820449 154.6974433 156.0572764 59.55479673 163.4406874 163.8535394 165.4684817 169.3835178 172.6749664 177.8180567 183.3474032 186.7167396 198.5970930 203.9941772 205.4145858 223.8403424 236.4309159 251.2390759 257.5103572 277.3229099 303.4686742 311.2725449 348.4702595 355.5699641 370.5800256 402.2599662 471.7148795 509.7052269 522.7322178 540.4891598 636.0986331 654.1613887 882.0285454 843.5090502 884.6552608 998.6319147 1190.062764 1278.308825 1315.062038 1539.469833 1767.749843 1814.241490 2156.548969 2302.350548 3969.952387 13031.84817 297908.1091 1424817.113
      sorted:	 59.55479673 71.20535816 75.17406508 76.23514943 76.98836263 78.17124575 79.69246762 81.32914566 83.19516043 83.58199452 84.14462384 85.03550931 86.74127359 86.95605906 88.41646653 89.87177992 91.06787850 91.63934969 91.71579419 92.40961934 93.43389274 94.01601253 94.07944425 94.65199517 95.21633856 95.37665582 95.98590550 96.38285597 96.38285597 96.38285597 96.38285597 96.38285597 96.38285597 96.38285597 96.38285597 96.38285597 96.38285597 96.45862449 96.81333540 96.94238873 96.97835379 97.01899800 97.05722873 97.07226488 97.09864476 97.14283153 97.18639906 97.23483168 97.25401052 97.28933722 97.33669806 97.36937542 97.38282479 97.41552789 97.43924602 97.44799412 97.46739851 97.47759284 97.48439731 97.54864690 97.76766738 98.23155473 99.49993349 99.87069112 100.6526178 100.7904772 101.5569129 105.1376294 106.4257342 107.1837275 108.6877058 111.1971867 114.6383573 114.9902977 115.7331271 117.2553777 117.7330160 120.5652586 122.1447863 122.3989252 122.9768820 125.8052282 128.6832179 131.3550138 131.7313750 133.5444226 136.2380034 137.5228887 137.9793434 142.3334045 142.6410912 143.3989336 144.4008700 146.4155457 149.8565616 153.2820449 154.6974433 156.0572764 163.4406874 163.8535394 165.4684817 169.3835178 172.6749664 177.8180567 183.3474032 186.7167396 198.5970930 203.9941772 205.4145858 223.8403424 236.4309159 251.2390759 257.5103572 277.3229099 303.4686742 311.2725449 348.4702595 355.5699641 370.5800256 402.2599662 471.7148795 509.7052269 522.7322178 540.4891598 636.0986331 654.1613887 843.5090502 882.0285454 884.6552608 998.6319147 1190.062764 1278.308825 1315.062038 1539.469833 1767.749843 1814.241490 2156.548969 2302.350548 3969.952387 13031.84817 297908.1091 1424817.113
