    unsorted:	 96.38285597 96.38285597 96.38285597 96.38285597 96.38285597 96.38285597 96.38285597 96.38285597 96.38285597 96.38285597 94.32649555 94.40420487 94.52068955 94.59296190 94.66815914 94.17039432 93.98700122 93.80828470 94.94516844 93.62850652 93.42447208 93.24119857 95.20010232 93.02887796 92.96636502 92.82997454 92.60097184 95.40845941 95.56817084 95.60940885 95.69100763 95.76975654 95.82604234 95.84490796 95.99723828 92.40172197 92.15975133 91.94954205 96.29184007 91.69623230 91.46981017 91.22619131 90.96847185 90.77052370 90.57063443 90.33062786 90.07495832 96.72863598 89.83360416 89.59218107 96.94901211 89.35743141 89.13319878 88.92260740 88.72493096 88.54532909 88.38441406 88.23542366 88.10081819 87.97738097 87.93854941 102.1027664 106.8270133 76.53104887 127.8945938 134.2788982 158.0528991 183.5787075 250.5221872 305.3835308 313.0225012 326.6744177 377.6057750 389.2607249 427.6850678 466.6218976 525.1476446 536.3753651 605.7219775 709.3489507 768.0193702 895.8729211 1086.317152 1326.447421 1440.856697 1552.277073 1634.711472 1710.962070 2059.245188 25584.84783 68406.65497 367516441.6
      sorted:	 76.53104887 87.93854941 87.97738097 88.10081819 88.23542366 88.38441406 88.54532909 88.72493096 88.92260740 89.13319878 89.35743141 89.59218107 89.83360416 90.07495832 90.33062786 90.57063443 90.77052370 90.96847185 91.22619131 91.46981017 91.69623230 91.94954205 92.15975133 92.40172197 92.60097184 92.82997454 92.96636502 93.02887796 93.24119857 93.42447208 93.62850652 93.80828470 93.98700122 94.17039432 94.32649555 94.40420487 94.52068955 94.59296190 94.66815914 94.94516844 95.20010232 95.40845941 95.56817084 95.60940885 95.69100763 95.76975654 95.82604234 95.84490796 95.99723828 96.29184007 96.38285597 96.38285597 96.38285597 96.38285597 96.38285597 96.38285597 96.38285597 96.38285597 96.38285597 96.38285597 96.72863598 96.94901211 102.1027664 106.8270133 127.8945938 134.2788982 158.0528991 183.5787075 250.5221872 305.3835308 313.0225012 326.6744177 377.6057750 389.2607249 427.6850678 466.6218976 525.1476446 536.3753651 605.7219775 709.3489507 768.0193702 895.8729211 1086.317152 1326.447421 1440.856697 1552.277073 1634.711472 1710.962070 2059.245188 25584.84783 68406.65497 367516441.6
