    unsorted:	 96.38285597 96.38285597 96.38285597 96.38285597 96.38285597 96.38285597 96.38285597 96.38285597 96.38285597 96.38285597 96.23745913 96.23820942 96.22942426 96.22674950 96.22125547 96.24762440 96.24884542 96.25526422 96.21028670 96.19990480 96.26786291 96.26622041 96.27772883 96.27602464 96.19102781 96.18129610 96.17197509 96.16241222 96.15298381 96.14334640 96.13409594 96.12473460 96.11583441 96.10713331 96.09878671 96.09091913 96.08339652 96.07648600 96.07002648 96.06415914 96.05877011 96.05407327 96.05053797 96.04853160 96.04794282 96.30580176 96.38074512 96.48101709 96.56514088 96.69949390 96.80030001 95.69115496 96.89343527 95.09117045 94.34654606 98.32764254 93.93155160 92.00119932 101.5493724 105.1431756 106.0180940 121.9705881 58.70575497 144.2773338 34.73567622 211.1608416 236.1504475 265.4388169 270.9618537 296.7042905 420.6047863 457.9478007 474.5992921 481.5844471 607.5884089 679.5065742 798.4534640 1018.833734 1187.864003 1426.853716 1773.409924 2094.944507 2262.326146 2867.904195 3506.216444 4528.398833 5557.356179 6713.352768 8153.516576 25907.90981 350211.7877 453194886.3
      sorted:	 34.73567622 58.70575497 92.00119932 93.93155160 94.34654606 95.09117045 95.69115496 96.04794282 96.04853160 96.05053797 96.05407327 96.05877011 96.06415914 96.07002648 96.07648600 96.08339652 96.09091913 96.09878671 96.10713331 96.11583441 96.12473460 96.13409594 96.14334640 96.15298381 96.16241222 96.17197509 96.18129610 96.19102781 96.19990480 96.21028670 96.22125547 96.22674950 96.22942426 96.23745913 96.23820942 96.24762440 96.24884542 96.25526422 96.26622041 96.26786291 96.27602464 96.27772883 96.30580176 96.38074512 96.38285597 96.38285597 96.38285597 96.38285597 96.38285597 96.38285597 96.38285597 96.38285597 96.38285597 96.38285597 96.48101709 96.56514088 96.69949390 96.80030001 96.89343527 98.32764254 101.5493724 105.1431756 106.0180940 121.9705881 144.2773338 211.1608416 236.1504475 265.4388169 270.9618537 296.7042905 420.6047863 457.9478007 474.5992921 481.5844471 607.5884089 679.5065742 798.4534640 1018.833734 1187.864003 1426.853716 1773.409924 2094.944507 2262.326146 2867.904195 3506.216444 4528.398833 5557.356179 6713.352768 8153.516576 25907.90981 350211.7877 453194886.3
