    unsorted:	 96.38285597 96.38285597 96.38285597 96.38285597 96.38285597 96.38285597 96.38285597 96.38285597 96.38285597 96.38285597 96.32181712 96.31002212 96.33173956 96.29602345 96.34007892 96.27944070 96.25983729 96.23670761 96.20945457 96.17735307 96.13950481 96.09480168 96.04191363 95.97929727 95.90520240 95.81764735 95.71441834 95.59311029 95.45118944 95.28609070 95.09536964 94.87694979 94.62940079 94.35209510 94.04530289 93.71370389 93.40893047 93.17652530 92.91274556 92.69994604 92.39629682 91.94510164 91.44943936 90.76718627 89.96312039 88.86741763 87.43399885 85.39284178 105.9772696 82.43506628 78.16062268 113.7035131 72.10182471 64.07902287 126.2589531 54.45230601 139.7451976 43.29567009 158.2706078 32.34059110 218.4273539 271.1731683 282.2808157 296.3388588 325.7217289 336.6316726 347.7201767 349.9875545 352.5170124 375.1735340 381.0813577 423.9825889 436.7625714 448.6391079 465.1422053 468.5374953 479.9740740 499.1698620 527.8017807 528.0360229 531.1369497 597.0825183 601.6194286 608.7440430 631.0329509 655.5133131 660.2240618 710.5382731 730.0671808 739.0886205 901.1863652 975.2479605 1063.338949 1084.820131 1110.627727 1135.490816 1163.116637 1287.173516 1330.353342 1416.076373 1431.127295 1595.267131 1588.503553 1581.864286 1527.623410 1681.276995 1845.434660 1873.606230 2004.742339 2054.694339 2147.694073 2217.441937 2759.833275 2985.213247 3400.159765 3640.983927 3822.107072 3932.203018 4154.618831 4328.353736 4413.395834 4437.039331 4843.172273 4879.764504 5038.677693 5231.888951 5361.044360 5859.731548 6144.880903 6586.962384 6760.341763 7256.875820 7502.361563 8174.703546 9122.653961 10691.63124 11727.58445 12574.58388 14584.41265 38089.43631 1743886.397 178775671.6
      sorted:	 32.34059110 43.29567009 54.45230601 64.07902287 72.10182471 78.16062268 82.43506628 85.39284178 87.43399885 88.86741763 89.96312039 90.76718627 91.44943936 91.94510164 92.39629682 92.69994604 92.91274556 93.17652530 93.40893047 93.71370389 94.04530289 94.35209510 94.62940079 94.87694979 95.09536964 95.28609070 95.45118944 95.59311029 95.71441834 95.81764735 95.90520240 95.97929727 96.04191363 96.09480168 96.13950481 96.17735307 96.20945457 96.23670761 96.25983729 96.27944070 96.29602345 96.31002212 96.32181712 96.33173956 96.34007892 96.38285597 96.38285597 96.38285597 96.38285597 96.38285597 96.38285597 96.38285597 96.38285597 96.38285597 96.38285597 105.9772696 113.7035131 126.2589531 139.7451976 158.2706078 218.4273539 271.1731683 282.2808157 296.3388588 325.7217289 336.6316726 347.7201767 349.9875545 352.5170124 375.1735340 381.0813577 423.9825889 436.7625714 448.6391079 465.1422053 468.5374953 479.9740740 499.1698620 527.8017807 528.0360229 531.1369497 597.0825183 601.6194286 608.7440430 631.0329509 655.5133131 660.2240618 710.5382731 730.0671808 739.0886205 901.1863652 975.2479605 1063.338949 1084.820131 1110.627727 1135.490816 1163.116637 1287.173516 1330.353342 1416.076373 1431.127295 1527.623410 1581.864286 1588.503553 1595.267131 1681.276995 1845.434660 1873.606230 2004.742339 2054.694339 2147.694073 2217.441937 2759.833275 2985.213247 3400.159765 3640.983927 3822.107072 3932.203018 4154.618831 4328.353736 4413.395834 4437.039331 4843.172273 4879.764504 5038.677693 5231.888951 5361.044360 5859.731548 6144.880903 6586.962384 6760.341763 7256.875820 7502.361563 8174.703546 9122.653961 10691.63124 11727.58445 12574.58388 14584.41265 38089.43631 1743886.397 178775671.6
