    unsorted:	 96.38285597 96.38285597 96.38285597 96.38285597 96.38285597 96.38285597 96.38285597 96.38285597 96.38285597 96.38285597 96.33396280 96.32526030 96.34136607 96.31503827 96.34766057 96.30304220 96.28897899 96.27251279 96.25326065 96.23078747 96.20460137 96.17414738 96.13879488 96.09778550 96.04613763 95.98559776 95.91489078 95.83256610 95.73712845 95.62715446 95.50142700 95.35915769 95.20038957 95.02628063 94.83842983 94.64392941 94.41441426 94.21376520 93.96921105 93.75422140 93.45342471 93.16306057 92.80448180 92.35960197 91.75757525 99.59307004 90.89359947 101.1472134 89.50307502 102.8337707 87.31445356 84.06448931 110.7367927 79.51521929 73.55312421 66.21640899 131.9489349 133.9707819 58.30203764 51.86251938 200.6458476 206.8418484 232.0753121 253.0580339 289.6794510 291.5330469 292.4868118 297.9600844 308.3915600 323.4061613 352.4033063 369.8549157 378.4123623 385.3095910 419.1364237 439.0415110 454.2930534 516.6263170 485.5948350 497.8431992 507.6421929 519.7297720 534.8337850 535.4960602 553.6331436 662.6182777 650.8254096 702.9765871 741.5496991 738.6154021 750.3844055 788.7417602 846.7042347 908.2230717 916.9505917 989.5364906 1023.593528 1058.117405 1060.279449 1119.080852 1202.686898 1287.416613 1317.278114 1429.528213 1746.818196 1771.971923 1874.230296 2035.870491 2261.550144 2252.823174 2330.992253 2592.180167 2762.448524 3043.423065 3188.459458 3349.813345 3547.771016 3795.992694 4028.104228 4036.695197 4111.176386 4199.646293 4671.896058 4760.542185 5004.711961 5187.693493 5370.827649 5704.593214 5993.519230 6216.294624 6582.005845 7049.785810 7613.794998 7837.499735 8226.726223 8408.856219 9512.146885 12570.81929 12195.32909 17531.96676 1562011.824 133168314.0
      sorted:	 51.86251938 58.30203764 66.21640899 73.55312421 79.51521929 84.06448931 87.31445356 89.50307502 90.89359947 91.75757525 92.35960197 92.80448180 93.16306057 93.45342471 93.75422140 93.96921105 94.21376520 94.41441426 94.64392941 94.83842983 95.02628063 95.20038957 95.35915769 95.50142700 95.62715446 95.73712845 95.83256610 95.91489078 95.98559776 96.04613763 96.09778550 96.13879488 96.17414738 96.20460137 96.23078747 96.25326065 96.27251279 96.28897899 96.30304220 96.31503827 96.32526030 96.33396280 96.34136607 96.34766057 96.38285597 96.38285597 96.38285597 96.38285597 96.38285597 96.38285597 96.38285597 96.38285597 96.38285597 96.38285597 99.59307004 101.1472134 102.8337707 110.7367927 131.9489349 133.9707819 200.6458476 206.8418484 232.0753121 253.0580339 289.6794510 291.5330469 292.4868118 297.9600844 308.3915600 323.4061613 352.4033063 369.8549157 378.4123623 385.3095910 419.1364237 439.0415110 454.2930534 485.5948350 497.8431992 507.6421929 516.6263170 519.7297720 534.8337850 535.4960602 553.6331436 650.8254096 662.6182777 702.9765871 738.6154021 741.5496991 750.3844055 788.7417602 846.7042347 908.2230717 916.9505917 989.5364906 1023.593528 1058.117405 1060.279449 1119.080852 1202.686898 1287.416613 1317.278114 1429.528213 1746.818196 1771.971923 1874.230296 2035.870491 2252.823174 2261.550144 2330.992253 2592.180167 2762.448524 3043.423065 3188.459458 3349.813345 3547.771016 3795.992694 4028.104228 4036.695197 4111.176386 4199.646293 4671.896058 4760.542185 5004.711961 5187.693493 5370.827649 5704.593214 5993.519230 6216.294624 6582.005845 7049.785810 7613.794998 7837.499735 8226.726223 8408.856219 9512.146885 12195.32909 12570.81929 17531.96676 1562011.824 133168314.0
