    unsorted:	 96.38285597 96.38285597 96.38285597 96.38285597 96.38285597 96.38285597 96.38285597 96.38285597 96.38285597 96.38285597 96.17230484 96.17293155 96.16717705 96.16231981 96.15975337 96.17828800 96.14981091 96.13709992 96.12712639 96.12251045 96.09970550 96.10605446 96.08557919 96.08030183 96.06093333 96.06137224 96.03094060 96.03536641 96.01311760 96.21501216 95.99717661 95.99458705 96.22604707 95.97307208 95.95631732 96.26471773 95.90699569 96.34241132 95.84828667 95.78541476 95.72204472 95.65236265 96.47694070 95.56879518 95.47082139 95.36457758 95.26094699 95.16906934 95.09174464 95.04156657 94.99836828 94.95914526 94.92564228 94.89727332 94.87410563 94.86541863 97.12846805 97.36095661 93.92675650 99.34620123 100.7724457 107.3022912 120.1402070 138.4192757 149.8288171 157.3881123 210.3266337 304.2826593 347.8987449 595.5780154 674.0290586 1193.475345 2677.775379 3411.320769 37063.73074 45994.69412 1502539.017
      sorted:	 93.92675650 94.86541863 94.87410563 94.89727332 94.92564228 94.95914526 94.99836828 95.04156657 95.09174464 95.16906934 95.26094699 95.36457758 95.47082139 95.56879518 95.65236265 95.72204472 95.78541476 95.84828667 95.90699569 95.95631732 95.97307208 95.99458705 95.99717661 96.01311760 96.03094060 96.03536641 96.06093333 96.06137224 96.08030183 96.08557919 96.09970550 96.10605446 96.12251045 96.12712639 96.13709992 96.14981091 96.15975337 96.16231981 96.16717705 96.17230484 96.17293155 96.17828800 96.21501216 96.22604707 96.26471773 96.34241132 96.38285597 96.38285597 96.38285597 96.38285597 96.38285597 96.38285597 96.38285597 96.38285597 96.38285597 96.38285597 96.47694070 97.12846805 97.36095661 99.34620123 100.7724457 107.3022912 120.1402070 138.4192757 149.8288171 157.3881123 210.3266337 304.2826593 347.8987449 595.5780154 674.0290586 1193.475345 2677.775379 3411.320769 37063.73074 45994.69412 1502539.017
