    unsorted:	 96.38285597 96.38285597 96.38285597 96.38285597 96.38285597 96.38285597 96.38285597 96.38285597 96.38285597 96.38285597 96.17162764 96.17149298 96.17184670 96.17234768 96.17252402 96.17358951 96.17523893 96.17766335 96.18122515 96.18439377 96.18633653 96.18769686 96.19026967 96.19339576 96.19526773 96.19748096 96.20132858 96.20552735 96.20595454 96.20996111 96.21448397 96.21706079 96.21966787 96.22297002 96.22432082 96.22910102 96.23388782 96.23851486 96.24107392 96.24403528 96.24874864 96.25355821 96.16322559 96.25818171 96.26213437 96.26558095 96.26955131 96.27370500 96.27795446 96.28247087 96.28709087 96.29128929 96.29435082 96.29802891 96.29878083 96.30249759 96.30714088 96.31441640 96.32333496 96.33997438 96.11743816 96.34737819 96.35627899 96.06446270 95.90338847 96.55653099 95.69949844 95.51031094 95.43935878 95.25857272 95.15240733 95.09366548 97.21443169 97.32008054 94.79077657 98.00608106 93.88392942 98.61582461 93.55363348 99.13923347 100.5015645 101.7338649 102.4285143 103.0579046 104.4306858 105.4793391 106.0349990 106.7207097 106.9011585 88.07643923 108.3435342 112.9352092 81.76282012 116.2862055 75.17007120 122.3729057 70.34775198 140.5280829 151.5736642 29.32534984 194.8581747 255.7571813 273.1364553 581.1856914 20894.99168 21233.91994 121139.8447
      sorted:	 29.32534984 70.34775198 75.17007120 81.76282012 88.07643923 93.55363348 93.88392942 94.79077657 95.09366548 95.15240733 95.25857272 95.43935878 95.51031094 95.69949844 95.90338847 96.06446270 96.11743816 96.16322559 96.17149298 96.17162764 96.17184670 96.17234768 96.17252402 96.17358951 96.17523893 96.17766335 96.18122515 96.18439377 96.18633653 96.18769686 96.19026967 96.19339576 96.19526773 96.19748096 96.20132858 96.20552735 96.20595454 96.20996111 96.21448397 96.21706079 96.21966787 96.22297002 96.22432082 96.22910102 96.23388782 96.23851486 96.24107392 96.24403528 96.24874864 96.25355821 96.25818171 96.26213437 96.26558095 96.26955131 96.27370500 96.27795446 96.28247087 96.28709087 96.29128929 96.29435082 96.29802891 96.29878083 96.30249759 96.30714088 96.31441640 96.32333496 96.33997438 96.34737819 96.35627899 96.38285597 96.38285597 96.38285597 96.38285597 96.38285597 96.38285597 96.38285597 96.38285597 96.38285597 96.38285597 96.55653099 97.21443169 97.32008054 98.00608106 98.61582461 99.13923347 100.5015645 101.7338649 102.4285143 103.0579046 104.4306858 105.4793391 106.0349990 106.7207097 106.9011585 108.3435342 112.9352092 116.2862055 122.3729057 140.5280829 151.5736642 194.8581747 255.7571813 273.1364553 581.1856914 20894.99168 21233.91994 121139.8447
