    unsorted:	 73.59643336 71.47539594 75.31975363 69.02362774 76.79049407 66.28233093 63.31022513 60.27196753 57.30662660 54.02538489 50.27373854 46.59133997 43.36399651 40.21217671 37.94438121 36.63342370 91.35503271 106.5258245 112.5790821 129.3087974 134.1789196 142.4391026 147.3897980 170.2877636 226.7101184 308.3195906 313.5631522 296.7994480 325.7721157 256.8127001 367.2959716 371.5865180 388.6079271 421.3642940 407.2503435 449.4639418 451.7453744 446.9719094 459.3138273 487.4501111 482.1823448 491.6826895 495.0290643 502.9288332 530.7514668 571.7545899 569.3476010 583.9036816 630.3479684 658.2094771 665.2409438 722.1468291 736.3820650 741.2490973 778.1079489 813.7744025 860.7874592 864.4296830 889.3584750 900.2138535 905.9874267 937.5635127 1043.168085 1056.281689 1104.254550 1111.230658 1272.754562 1328.737083 1326.137438 1319.062866 1514.908935 1505.923708 1569.545279 1633.662598 1725.826638 1729.907446 1800.390178 1942.138390 2048.462147 2144.359899 2366.010044 2397.419026 2516.597614 2580.153117 3010.356653 3138.645400 3366.529568 3479.617915 3784.973195 3837.991242 3936.616775 4419.268108 4631.418617 4684.962990 4809.543563 5035.259861 5595.527136 5672.036899 6169.048936 6598.560956 8612.873973 8776.328755 9130.673353 10043.21472 10442.35765 11485.02172 11620.50606 11929.80787 12649.20791 13725.72027 13998.72984 14917.67162 15406.20745 15758.49652 16679.23668 17932.90555 18965.26572 19800.30369 21905.83873 23103.98395 26143.65258 25959.33451 27685.06910 28914.06597 29569.46967 32039.62818 41359.77406 48432.49866 52135.81874 36299075.26 96.38285597 96.38285597 96.38285597 96.38285597 96.38285597 96.38285597 96.38285597 96.38285597 96.38285597 96.38285597
      sorted:	 36.63342370 37.94438121 40.21217671 43.36399651 46.59133997 50.27373854 54.02538489 57.30662660 60.27196753 63.31022513 66.28233093 69.02362774 71.47539594 73.59643336 75.31975363 76.79049407 91.35503271 96.38285597 96.38285597 96.38285597 96.38285597 96.38285597 96.38285597 96.38285597 96.38285597 96.38285597 96.38285597 106.5258245 112.5790821 129.3087974 134.1789196 142.4391026 147.3897980 170.2877636 226.7101184 256.8127001 296.7994480 308.3195906 313.5631522 325.7721157 367.2959716 371.5865180 388.6079271 407.2503435 421.3642940 446.9719094 449.4639418 451.7453744 459.3138273 482.1823448 487.4501111 491.6826895 495.0290643 502.9288332 530.7514668 569.3476010 571.7545899 583.9036816 630.3479684 658.2094771 665.2409438 722.1468291 736.3820650 741.2490973 778.1079489 813.7744025 860.7874592 864.4296830 889.3584750 900.2138535 905.9874267 937.5635127 1043.168085 1056.281689 1104.254550 1111.230658 1272.754562 1319.062866 1326.137438 1328.737083 1505.923708 1514.908935 1569.545279 1633.662598 1725.826638 1729.907446 1800.390178 1942.138390 2048.462147 2144.359899 2366.010044 2397.419026 2516.597614 2580.153117 3010.356653 3138.645400 3366.529568 3479.617915 3784.973195 3837.991242 3936.616775 4419.268108 4631.418617 4684.962990 4809.543563 5035.259861 5595.527136 5672.036899 6169.048936 6598.560956 8612.873973 8776.328755 9130.673353 10043.21472 10442.35765 11485.02172 11620.50606 11929.80787 12649.20791 13725.72027 13998.72984 14917.67162 15406.20745 15758.49652 16679.23668 17932.90555 18965.26572 19800.30369 21905.83873 23103.98395 25959.33451 26143.65258 27685.06910 28914.06597 29569.46967 32039.62818 41359.77406 48432.49866 52135.81874 36299075.26
