    unsorted:	 96.38285597 96.38285597 96.38285597 96.38285597 96.38285597 96.38285597 96.38285597 96.38285597 96.38285597 96.38285597 96.37599737 96.37646756 96.37533087 96.37568254 96.37662113 96.37448383 96.37440796 96.37341697 96.37778543 96.37917430 96.37190172 96.36958020 96.36612631 96.36136795 96.35572167 96.38841272 96.35015907 96.34655570 96.33869861 96.39966460 96.33096951 96.32113706 96.40572316 96.30936647 96.30605568 96.29621990 96.28286720 96.26849577 96.25122820 96.23023739 96.20672104 96.18354910 96.16404456 96.15235380 96.14108628 96.13006340 96.11902387 96.10837700 96.09804849 96.08858633 96.07971453 96.07188021 96.06501456 96.05949911 96.05516424 96.05385962 96.54473260 96.01020017 96.65502955 96.81808497 97.02338848 94.85262818 93.78437751 109.0913057 81.15477565 54.34929337 180.3464105 193.3909600 195.9557952 262.0395586 282.4496706 359.3248513 382.7440536 488.7163085 550.2902539 631.4814666 727.7486448 1178.544372 1345.290529 32203.06918 30599.92235 985046611.2
      sorted:	 54.34929337 81.15477565 93.78437751 94.85262818 96.01020017 96.05385962 96.05516424 96.05949911 96.06501456 96.07188021 96.07971453 96.08858633 96.09804849 96.10837700 96.11902387 96.13006340 96.14108628 96.15235380 96.16404456 96.18354910 96.20672104 96.23023739 96.25122820 96.26849577 96.28286720 96.29621990 96.30605568 96.30936647 96.32113706 96.33096951 96.33869861 96.34655570 96.35015907 96.35572167 96.36136795 96.36612631 96.36958020 96.37190172 96.37341697 96.37440796 96.37448383 96.37533087 96.37568254 96.37599737 96.37646756 96.37662113 96.37778543 96.37917430 96.38285597 96.38285597 96.38285597 96.38285597 96.38285597 96.38285597 96.38285597 96.38285597 96.38285597 96.38285597 96.38841272 96.39966460 96.40572316 96.54473260 96.65502955 96.81808497 97.02338848 109.0913057 180.3464105 193.3909600 195.9557952 262.0395586 282.4496706 359.3248513 382.7440536 488.7163085 550.2902539 631.4814666 727.7486448 1178.544372 1345.290529 30599.92235 32203.06918 985046611.2
