    unsorted:	 96.38285597 96.38285597 96.38285597 96.38285597 96.38285597 96.38285597 96.38285597 96.38285597 96.38285597 96.38285597 96.52082984 96.52271449 96.52504194 96.52676346 96.53133107 96.53702356 96.54230885 96.55236771 96.49608806 96.57377510 96.48925772 96.59685327 96.61637040 96.63530183 96.65350547 96.67303882 96.69674910 96.72594156 96.75870538 96.79168983 96.82199521 96.83067766 96.84405361 96.85940434 96.87776590 96.89410779 96.91148179 96.92759995 96.94355313 96.95807479 96.97164871 96.98347800 96.99384817 97.00213045 97.00802070 97.01116445 97.01187576 96.43400507 96.38653386 96.21068089 96.06916831 96.02280377 95.95738439 97.32213900 95.84152458 98.90541499 94.31289857 101.5370408 102.8613833 107.4248517 111.5712770 112.9410925 119.2623930 133.7522302 63.29923666 215.1491096 249.3509803 273.4009375 297.1905740 420.0537552 473.3779577 599.9047619 921.3492724 1108.496362 1697.496623 2199.320840 3364.665829 3862.591486 4505.858219 33049.79539 151058.3978 3858411.795
      sorted:	 63.29923666 94.31289857 95.84152458 95.95738439 96.02280377 96.06916831 96.21068089 96.38285597 96.38285597 96.38285597 96.38285597 96.38285597 96.38285597 96.38285597 96.38285597 96.38285597 96.38285597 96.38653386 96.43400507 96.48925772 96.49608806 96.52082984 96.52271449 96.52504194 96.52676346 96.53133107 96.53702356 96.54230885 96.55236771 96.57377510 96.59685327 96.61637040 96.63530183 96.65350547 96.67303882 96.69674910 96.72594156 96.75870538 96.79168983 96.82199521 96.83067766 96.84405361 96.85940434 96.87776590 96.89410779 96.91148179 96.92759995 96.94355313 96.95807479 96.97164871 96.98347800 96.99384817 97.00213045 97.00802070 97.01116445 97.01187576 97.32213900 98.90541499 101.5370408 102.8613833 107.4248517 111.5712770 112.9410925 119.2623930 133.7522302 215.1491096 249.3509803 273.4009375 297.1905740 420.0537552 473.3779577 599.9047619 921.3492724 1108.496362 1697.496623 2199.320840 3364.665829 3862.591486 4505.858219 33049.79539 151058.3978 3858411.795
