    unsorted:	 96.38285597 96.38285597 96.38285597 96.38285597 96.38285597 96.38285597 96.38285597 96.38285597 96.38285597 96.38285597 97.10171922 97.11003618 97.11807112 97.12601817 97.09268117 97.13452797 97.14425379 97.08041570 97.15535602 97.06498741 97.16754767 97.18005457 97.04847539 97.19141495 97.20060889 97.20932923 97.21158972 97.03075415 97.01036141 96.98701546 96.96151335 96.93389467 96.90266016 96.86600266 96.81676231 96.42095627 96.42440362 96.42922718 96.41629747 96.43575774 96.40830409 96.44528574 96.40052986 96.38312080 96.39015976 96.45852615 96.47686028 96.50118645 96.53227379 96.57184013 96.62114475 96.76012215 96.71535085 96.67417495 96.34334734 96.32761921 97.36233855 95.71260713 95.42029532 94.62705744 99.75968625 101.1192385 103.0461205 105.1150917 73.25750605 144.2309914 22.12960442 217.4621701 504.7345976 1002.481041 1131.694572 17277.43073 41047.98216 330202598.6
      sorted:	 22.12960442 73.25750605 94.62705744 95.42029532 95.71260713 96.32761921 96.34334734 96.38285597 96.38285597 96.38285597 96.38285597 96.38285597 96.38285597 96.38285597 96.38285597 96.38285597 96.38285597 96.38312080 96.39015976 96.40052986 96.40830409 96.41629747 96.42095627 96.42440362 96.42922718 96.43575774 96.44528574 96.45852615 96.47686028 96.50118645 96.53227379 96.57184013 96.62114475 96.67417495 96.71535085 96.76012215 96.81676231 96.86600266 96.90266016 96.93389467 96.96151335 96.98701546 97.01036141 97.03075415 97.04847539 97.06498741 97.08041570 97.09268117 97.10171922 97.11003618 97.11807112 97.12601817 97.13452797 97.14425379 97.15535602 97.16754767 97.18005457 97.19141495 97.20060889 97.20932923 97.21158972 97.36233855 99.75968625 101.1192385 103.0461205 105.1150917 144.2309914 217.4621701 504.7345976 1002.481041 1131.694572 17277.43073 41047.98216 330202598.6
