    unsorted:	 96.38285597 96.38285597 96.38285597 96.38285597 96.38285597 96.38285597 96.38285597 96.38285597 96.38285597 96.38285597 235.5680286 235.0469104 233.7838324 232.4322485 231.0632281 227.6920878 226.2706611 222.9507497 241.2503212 246.0810850 217.4573263 217.1039062 249.3476397 251.5417939 254.5685221 263.0940738 262.7927476 266.3613761 210.9917570 271.1500098 272.9895619 277.6485274 278.8623466 283.1918134 283.5516923 205.2855089 203.5613490 287.3839377 196.7777563 195.6598182 187.1745598 303.3973779 301.5389342 178.1698833 176.7158275 173.1493075 168.8194513 165.7869286 165.1497935 311.5650638 316.0463245 159.0225953 320.6859027 323.3202224 328.4368056 152.9160193 149.0719914 333.9478959 141.8859616 134.6119510 345.6370050 355.2111644 118.7819054 96.12291778 109.7587750 94.48632331 366.6075879 89.20821548 386.6569045 393.1421043 71.02898747 452.7262720 460.7998143 467.4270495 476.5740575 483.7699650 494.4466609 542.4224230 545.2292794 599.3020324 658.1297094 765.5530112 767.2962542 840.8812141 863.0908471 933.3799704 977.9936254 1024.525094 1105.351369 1123.146780 1159.737253 1171.043960 1220.825022 1313.757409 1325.537724 1517.751046 1624.228312 1679.797526 1724.737673 1929.134519 1912.750397 2353.878648 2429.278272 2488.229264 2703.407990 2915.165611 3021.031016 3172.584626 3231.136723 3363.302677 3657.046871 3790.449982 4060.803349 4417.805578 4468.644096 4547.720468 4804.766952 4902.824794 5321.737317 5825.761142 6401.837878 7345.225066 9393.557029 9987.763637 10167.07970 11989.67451 12886.15110 14502.71765 15236.35773 16276.23492 20361.05164 22219.54171 22762.56649 24443.27842 25422.18527 29615.39930 30639.34010 33765.48756 36717.72839 38432.43012 689235.8484 25126061.06
      sorted:	 71.02898747 89.20821548 94.48632331 96.12291778 96.38285597 96.38285597 96.38285597 96.38285597 96.38285597 96.38285597 96.38285597 96.38285597 96.38285597 96.38285597 109.7587750 118.7819054 134.6119510 141.8859616 149.0719914 152.9160193 159.0225953 165.1497935 165.7869286 168.8194513 173.1493075 176.7158275 178.1698833 187.1745598 195.6598182 196.7777563 203.5613490 205.2855089 210.9917570 217.1039062 217.4573263 222.9507497 226.2706611 227.6920878 231.0632281 232.4322485 233.7838324 235.0469104 235.5680286 241.2503212 246.0810850 249.3476397 251.5417939 254.5685221 262.7927476 263.0940738 266.3613761 271.1500098 272.9895619 277.6485274 278.8623466 283.1918134 283.5516923 287.3839377 301.5389342 303.3973779 311.5650638 316.0463245 320.6859027 323.3202224 328.4368056 333.9478959 345.6370050 355.2111644 366.6075879 386.6569045 393.1421043 452.7262720 460.7998143 467.4270495 476.5740575 483.7699650 494.4466609 542.4224230 545.2292794 599.3020324 658.1297094 765.5530112 767.2962542 840.8812141 863.0908471 933.3799704 977.9936254 1024.525094 1105.351369 1123.146780 1159.737253 1171.043960 1220.825022 1313.757409 1325.537724 1517.751046 1624.228312 1679.797526 1724.737673 1912.750397 1929.134519 2353.878648 2429.278272 2488.229264 2703.407990 2915.165611 3021.031016 3172.584626 3231.136723 3363.302677 3657.046871 3790.449982 4060.803349 4417.805578 4468.644096 4547.720468 4804.766952 4902.824794 5321.737317 5825.761142 6401.837878 7345.225066 9393.557029 9987.763637 10167.07970 11989.67451 12886.15110 14502.71765 15236.35773 16276.23492 20361.05164 22219.54171 22762.56649 24443.27842 25422.18527 29615.39930 30639.34010 33765.48756 36717.72839 38432.43012 689235.8484 25126061.06
