    unsorted:	 96.38285597 93.56531782 93.34606518 93.76926053 93.11056690 93.95898199 92.85800707 94.13541780 92.58716379 92.29729328 94.29991911 91.98758783 91.65752912 91.30688201 90.93510047 90.51999549 90.06737226 89.57091692 89.01547154 88.39887596 87.72461186 86.99678941 86.22115729 85.40711490 84.57122287 98.68405791 83.76124983 83.44287787 82.82480763 98.95618657 81.95318407 81.01409000 78.93919609 80.00569373 77.84160834 77.37662112 76.58546464 105.0463702 105.5076663 107.2838755 74.67428336 108.7242126 109.2005491 73.54395881 72.62529314 71.60564615 70.71978191 112.3818495 70.07014797 69.52519056 69.21163620 115.6024770 120.5801445 119.6984081 122.8698699 126.5194063 128.7962335 131.5019863 130.9602391 131.9698239 137.4180915 137.3310804 136.8325322 143.3372197 152.1088810 149.5396454 152.7076631 155.7827418 157.2691825 158.1217442 164.5762702 164.8146264 164.3399977 169.2333218 171.2991807 170.7324215 171.6564675 182.2246166 184.0586702 191.7260951 193.1796254 195.0820122 197.2603664 200.1535617 201.2483089 202.9067969 209.8800993 214.8172035 217.8867951 228.2070651 231.4447574 241.5852812 245.4502587 254.8479376 271.1873606 273.6762358 276.9784149 295.5592334 302.5309603 304.3031253 327.2226293 329.7919176 340.5439082 365.3441566 375.4229794 379.1788385 438.5389096 446.7852014 462.2391646 474.1090652 525.6416547 546.9439967 592.0107426 685.2265078 851.6576055 844.3017690 867.1370259 935.6387656 992.8894378 1116.122829 1402.094909 1469.219044 1602.734285 1706.651848 1752.759147 1876.588093 2072.969598 2127.466544 3074.753345 3748.744020 12703.03480 243784.5551 2842126.870
      sorted:	 69.21163620 69.52519056 70.07014797 70.71978191 71.60564615 72.62529314 73.54395881 74.67428336 76.58546464 77.37662112 77.84160834 78.93919609 80.00569373 81.01409000 81.95318407 82.82480763 83.44287787 83.76124983 84.57122287 85.40711490 86.22115729 86.99678941 87.72461186 88.39887596 89.01547154 89.57091692 90.06737226 90.51999549 90.93510047 91.30688201 91.65752912 91.98758783 92.29729328 92.58716379 92.85800707 93.11056690 93.34606518 93.56531782 93.76926053 93.95898199 94.13541780 94.29991911 96.38285597 98.68405791 98.95618657 105.0463702 105.5076663 107.2838755 108.7242126 109.2005491 112.3818495 115.6024770 119.6984081 120.5801445 122.8698699 126.5194063 128.7962335 130.9602391 131.5019863 131.9698239 136.8325322 137.3310804 137.4180915 143.3372197 149.5396454 152.1088810 152.7076631 155.7827418 157.2691825 158.1217442 164.3399977 164.5762702 164.8146264 169.2333218 170.7324215 171.2991807 171.6564675 182.2246166 184.0586702 191.7260951 193.1796254 195.0820122 197.2603664 200.1535617 201.2483089 202.9067969 209.8800993 214.8172035 217.8867951 228.2070651 231.4447574 241.5852812 245.4502587 254.8479376 271.1873606 273.6762358 276.9784149 295.5592334 302.5309603 304.3031253 327.2226293 329.7919176 340.5439082 365.3441566 375.4229794 379.1788385 438.5389096 446.7852014 462.2391646 474.1090652 525.6416547 546.9439967 592.0107426 685.2265078 844.3017690 851.6576055 867.1370259 935.6387656 992.8894378 1116.122829 1402.094909 1469.219044 1602.734285 1706.651848 1752.759147 1876.588093 2072.969598 2127.466544 3074.753345 3748.744020 12703.03480 243784.5551 2842126.870
