    unsorted:	 253.1554590 253.1493913 253.1656145 253.1718455 253.1766114 253.1405722 253.1030247 252.9993641 252.8582082 252.7586079 252.4757056 252.0640199 253.9111974 251.6593589 251.4762393 250.8204873 249.9558564 248.0980062 23.86361333 23.83705364 23.81567809 23.91698352 23.65981540 24.01197607 24.09911722 23.58816817 24.22198745 24.30348008 24.35472792 23.47663161 24.58684367 23.20786110 23.09329316 22.88314185 24.82946088 24.94479692 22.38507124 25.45082761 239.1973017 266.0902862 218.9507742 96.38285597 199.3550659 180.2981220 69.34872314 71.94357496 140.2517360 134.4115877 120.4347988 318.9135897 381.7483278 403.4741669 430.1214619 439.4473441 481.1186787 537.3887895 571.5775681 705.3852271 718.0304232 917.6122316 1215.926603 1295.386174 1376.231768 1396.511012 1665.587109 1838.054521 1864.849586 2199.597205 2382.501276 2664.894262 2624.353999 2689.179138 2846.045485 2860.751032 3183.865447 3457.486365 3979.828013 4457.022367 4505.898003 4836.887338 4711.171236 5237.297477 5697.204646 6145.890185 6596.763936 7042.133390 7051.042228 7065.837140 7645.324369 7692.118605 9124.885361 9366.710108 9444.957189 9755.156980 10225.51435 10855.78344 11008.38441 11527.44906 12564.29919 12796.15908 13780.58521 13969.80837 14271.77128 14579.96085 15939.05130 16339.64825 17081.43865 19318.02316 19739.66504 22173.46062 22610.21470 22697.44719 24304.75756 25472.14624 27250.15483 27768.13466 29484.36714 33041.65756 33796.76965 34941.54564 35688.05036 37051.87743 41268.45792 40957.57161 42287.00692 46129.75957 48452.78821 54978.36096 70120.20441 81645.95729 131135.1344 10236636.13 1.935999517e+11
      sorted:	 22.38507124 22.88314185 23.09329316 23.20786110 23.47663161 23.58816817 23.65981540 23.81567809 23.83705364 23.86361333 23.91698352 24.01197607 24.09911722 24.22198745 24.30348008 24.35472792 24.58684367 24.82946088 24.94479692 25.45082761 69.34872314 71.94357496 96.38285597 120.4347988 134.4115877 140.2517360 180.2981220 199.3550659 218.9507742 239.1973017 248.0980062 249.9558564 250.8204873 251.4762393 251.6593589 252.0640199 252.4757056 252.7586079 252.8582082 252.9993641 253.1030247 253.1405722 253.1493913 253.1554590 253.1656145 253.1718455 253.1766114 253.9111974 266.0902862 318.9135897 381.7483278 403.4741669 430.1214619 439.4473441 481.1186787 537.3887895 571.5775681 705.3852271 718.0304232 917.6122316 1215.926603 1295.386174 1376.231768 1396.511012 1665.587109 1838.054521 1864.849586 2199.597205 2382.501276 2624.353999 2664.894262 2689.179138 2846.045485 2860.751032 3183.865447 3457.486365 3979.828013 4457.022367 4505.898003 4711.171236 4836.887338 5237.297477 5697.204646 6145.890185 6596.763936 7042.133390 7051.042228 7065.837140 7645.324369 7692.118605 9124.885361 9366.710108 9444.957189 9755.156980 10225.51435 10855.78344 11008.38441 11527.44906 12564.29919 12796.15908 13780.58521 13969.80837 14271.77128 14579.96085 15939.05130 16339.64825 17081.43865 19318.02316 19739.66504 22173.46062 22610.21470 22697.44719 24304.75756 25472.14624 27250.15483 27768.13466 29484.36714 33041.65756 33796.76965 34941.54564 35688.05036 37051.87743 40957.57161 41268.45792 42287.00692 46129.75957 48452.78821 54978.36096 70120.20441 81645.95729 131135.1344 10236636.13 1.935999517e+11
