    unsorted:	 96.38285597 96.38285597 96.38285597 96.38285597 96.38285597 96.38285597 96.38285597 96.38285597 96.38285597 96.38285597 96.52066673 96.52148585 96.51736021 96.52621387 96.52901270 96.53343348 96.53608996 96.54083628 96.51199354 96.50856501 96.54549485 96.50358469 96.50075958 96.49950979 96.49500943 96.55060925 96.49061884 96.55539254 96.48679327 96.48347004 96.48176884 96.56094197 96.47734425 96.56573126 96.47520866 96.57144137 96.57657538 96.58199778 96.58776857 96.46818989 96.59274305 96.59894168 96.60386206 96.60989296 96.61530279 96.62070913 96.62672950 96.46064023 96.63149828 96.45652183 96.63772278 96.45273061 96.64212119 96.64806136 96.65233271 96.65766333 96.66175418 96.66643124 96.67003640 96.67423676 96.67691632 96.68093145 96.68211004 96.68519596 96.68670210 96.68802569 96.69124197 96.69424417 96.69587668 96.69976074 96.43508079 96.38428753 96.37364559 96.20463727 96.09763287 96.02922519 95.96914782 95.87578462 95.81522072 97.27083371 95.51943924 97.70686534 98.95400192 99.54845376 100.1070972 100.7007636 90.84459254 105.2387517 86.19402638 83.60316444 112.7773128 74.52537345 123.4924998 66.42003223 135.1023476 138.2486509 143.2288092 146.7976731 159.5887314 0.3926718110 327.2181768 8445.864999 21222.82455 48409138.59
      sorted:	 0.3926718110 66.42003223 74.52537345 83.60316444 86.19402638 90.84459254 95.51943924 95.81522072 95.87578462 95.96914782 96.02922519 96.09763287 96.20463727 96.37364559 96.38285597 96.38285597 96.38285597 96.38285597 96.38285597 96.38285597 96.38285597 96.38285597 96.38285597 96.38285597 96.38428753 96.43508079 96.45273061 96.45652183 96.46064023 96.46818989 96.47520866 96.47734425 96.48176884 96.48347004 96.48679327 96.49061884 96.49500943 96.49950979 96.50075958 96.50358469 96.50856501 96.51199354 96.51736021 96.52066673 96.52148585 96.52621387 96.52901270 96.53343348 96.53608996 96.54083628 96.54549485 96.55060925 96.55539254 96.56094197 96.56573126 96.57144137 96.57657538 96.58199778 96.58776857 96.59274305 96.59894168 96.60386206 96.60989296 96.61530279 96.62070913 96.62672950 96.63149828 96.63772278 96.64212119 96.64806136 96.65233271 96.65766333 96.66175418 96.66643124 96.67003640 96.67423676 96.67691632 96.68093145 96.68211004 96.68519596 96.68670210 96.68802569 96.69124197 96.69424417 96.69587668 96.69976074 97.27083371 97.70686534 98.95400192 99.54845376 100.1070972 100.7007636 105.2387517 112.7773128 123.4924998 135.1023476 138.2486509 143.2288092 146.7976731 159.5887314 327.2181768 8445.864999 21222.82455 48409138.59
