    unsorted:	 62.37216393 64.83575039 66.96846099 68.87448354 70.89400235 71.52074394 60.05325309 59.25843114 72.96451234 57.06320780 74.92630283 54.36506101 76.76613454 51.46880618 48.60382665 45.76241003 43.02666862 40.65705817 38.22637062 35.98708700 34.55333118 91.61993458 129.6933775 247.4723091 251.6199066 236.5895500 257.3851567 233.6840236 222.4525205 190.2891611 180.6488185 292.5393989 286.6164309 314.1151530 321.7859128 326.5528977 332.2619625 344.6348979 352.4156765 359.3646347 380.7094993 405.9205678 412.7558850 441.2361755 446.0085935 457.4046172 468.4787344 480.9466913 505.5999131 514.8252061 542.4674676 567.8742455 588.6276540 599.1836816 615.3095474 637.2916478 648.6296286 688.8108561 791.8260116 865.1217793 845.3395943 894.8995031 911.0440568 913.2302353 987.8605129 959.3935483 993.2865759 1031.145626 1065.605275 1106.869235 1200.132994 1274.002255 1343.790756 1439.670464 1531.239450 1666.810128 1942.870311 2031.711920 2108.055546 2127.388485 2166.969110 2225.944251 2372.044554 2423.110954 2541.401959 2663.935251 2745.164497 2997.501731 3178.126295 3365.717891 3568.307025 3714.861838 4095.607322 4169.953730 4417.596483 4743.354384 4985.402876 5316.393401 5468.131267 6301.339830 7465.905387 8000.447700 8337.511229 9047.240739 9113.791638 9451.325318 9816.626820 10577.14965 12377.61929 12652.84253 14813.57913 17022.58366 17823.42562 20645.06351 21919.59224 22027.19038 24197.95735 27172.20339 29547.92815 36376.71358 39203.29761 41633.61888 42153.19781 42568.10698 46212.95595 52109.70656 56178.02717 79450.62987 1346538.469 96.38285597
      sorted:	 34.55333118 35.98708700 38.22637062 40.65705817 43.02666862 45.76241003 48.60382665 51.46880618 54.36506101 57.06320780 59.25843114 60.05325309 62.37216393 64.83575039 66.96846099 68.87448354 70.89400235 71.52074394 72.96451234 74.92630283 76.76613454 91.61993458 96.38285597 129.6933775 180.6488185 190.2891611 222.4525205 233.6840236 236.5895500 247.4723091 251.6199066 257.3851567 286.6164309 292.5393989 314.1151530 321.7859128 326.5528977 332.2619625 344.6348979 352.4156765 359.3646347 380.7094993 405.9205678 412.7558850 441.2361755 446.0085935 457.4046172 468.4787344 480.9466913 505.5999131 514.8252061 542.4674676 567.8742455 588.6276540 599.1836816 615.3095474 637.2916478 648.6296286 688.8108561 791.8260116 845.3395943 865.1217793 894.8995031 911.0440568 913.2302353 959.3935483 987.8605129 993.2865759 1031.145626 1065.605275 1106.869235 1200.132994 1274.002255 1343.790756 1439.670464 1531.239450 1666.810128 1942.870311 2031.711920 2108.055546 2127.388485 2166.969110 2225.944251 2372.044554 2423.110954 2541.401959 2663.935251 2745.164497 2997.501731 3178.126295 3365.717891 3568.307025 3714.861838 4095.607322 4169.953730 4417.596483 4743.354384 4985.402876 5316.393401 5468.131267 6301.339830 7465.905387 8000.447700 8337.511229 9047.240739 9113.791638 9451.325318 9816.626820 10577.14965 12377.61929 12652.84253 14813.57913 17022.58366 17823.42562 20645.06351 21919.59224 22027.19038 24197.95735 27172.20339 29547.92815 36376.71358 39203.29761 41633.61888 42153.19781 42568.10698 46212.95595 52109.70656 56178.02717 79450.62987 1346538.469
