    unsorted:	 96.38285597 96.38285597 96.38285597 96.38285597 96.38285597 96.38285597 96.38285597 96.38285597 96.38285597 96.38285597 96.39834225 96.39829428 96.39864610 96.39804764 96.39909507 96.39955863 96.40018678 96.39742382 96.40079916 96.40179505 96.40205591 96.39563082 96.40331779 96.39384295 96.40500408 96.39166045 96.40827184 96.38747673 96.41247310 96.41639092 96.41876497 96.42739228 96.37192513 96.43780197 96.44447642 96.44853967 96.45956577 96.46027044 96.36276348 96.47120284 96.48450200 96.50143080 96.52251349 96.54670375 96.57121730 96.29491616 96.59521900 96.62179163 96.65454160 96.69312369 96.73377584 96.77206561 96.16028777 96.80619435 96.83495671 96.85423498 96.86352932 96.86742647 95.77268222 95.66168372 97.71011230 95.08668531 93.17636690 100.0563163 90.52657863 89.41576982 128.0334246 181.2535425 2.160766242 211.1194859 5015.306794 42532.63890 76221067.61
      sorted:	 2.160766242 89.41576982 90.52657863 93.17636690 95.08668531 95.66168372 95.77268222 96.16028777 96.29491616 96.36276348 96.37192513 96.38285597 96.38285597 96.38285597 96.38285597 96.38285597 96.38285597 96.38285597 96.38285597 96.38285597 96.38285597 96.38747673 96.39166045 96.39384295 96.39563082 96.39742382 96.39804764 96.39829428 96.39834225 96.39864610 96.39909507 96.39955863 96.40018678 96.40079916 96.40179505 96.40205591 96.40331779 96.40500408 96.40827184 96.41247310 96.41639092 96.41876497 96.42739228 96.43780197 96.44447642 96.44853967 96.45956577 96.46027044 96.47120284 96.48450200 96.50143080 96.52251349 96.54670375 96.57121730 96.59521900 96.62179163 96.65454160 96.69312369 96.73377584 96.77206561 96.80619435 96.83495671 96.85423498 96.86352932 96.86742647 97.71011230 100.0563163 128.0334246 181.2535425 211.1194859 5015.306794 42532.63890 76221067.61
