    unsorted:	 96.38285597 96.38285597 96.38285597 96.38285597 96.38285597 96.38285597 96.38285597 96.38285597 96.38285597 96.38285597 95.84749261 95.86818645 95.88906093 95.90998683 95.82707516 95.93083246 95.95147456 95.97180308 95.99172137 96.01113719 96.02993477 96.04780820 96.06209850 96.07004846 96.08475888 96.10083255 96.11650858 95.80695629 96.13159814 96.14605065 96.15984180 96.17306651 95.78693748 96.18564663 96.19759958 96.20895658 96.21976637 96.23011432 96.24020468 95.73561227 95.71687748 95.69812244 95.67980708 95.66202075 95.64481099 95.62831347 95.61318826 95.59980800 95.58777756 95.57641797 95.56413137 95.54923631 95.52911169 96.25833147 95.51399626 95.50089338 95.46121064 95.40657547 95.33591535 95.25217044 95.20040370 95.16020762 95.11216997 95.08772557 95.06403954 94.90515378 96.88299789 97.92483221 98.28453074 93.92832329 99.19684784 100.2944996 100.5825384 101.3045627 101.5682704 91.01884202 90.46402917 104.5208687 106.0642340 86.23774771 110.3033228 111.7799437 112.9768608 80.53029658 122.3024127 123.9694061 124.7200893 74.62827151 127.7150585 68.85405601 131.6027374 66.04425374 136.2882206 136.8392888 63.54887670 59.93318647 145.7280009 155.7436208 168.0809773 170.0955850 180.6005145 195.3843590 208.8350821 227.0694084 247.7646630 292.6909878 317.3580533 402.1310395 492.8463835 536.6031766 749.5131584 888.8077489 1011.199263 1501.848776 2267.567452 3041.945967 3430.000794 4688.641786 7242.963378 16593.47697 366934.5671 6464945.741
      sorted:	 59.93318647 63.54887670 66.04425374 68.85405601 74.62827151 80.53029658 86.23774771 90.46402917 91.01884202 93.92832329 94.90515378 95.06403954 95.08772557 95.11216997 95.16020762 95.20040370 95.25217044 95.33591535 95.40657547 95.46121064 95.50089338 95.51399626 95.52911169 95.54923631 95.56413137 95.57641797 95.58777756 95.59980800 95.61318826 95.62831347 95.64481099 95.66202075 95.67980708 95.69812244 95.71687748 95.73561227 95.78693748 95.80695629 95.82707516 95.84749261 95.86818645 95.88906093 95.90998683 95.93083246 95.95147456 95.97180308 95.99172137 96.01113719 96.02993477 96.04780820 96.06209850 96.07004846 96.08475888 96.10083255 96.11650858 96.13159814 96.14605065 96.15984180 96.17306651 96.18564663 96.19759958 96.20895658 96.21976637 96.23011432 96.24020468 96.25833147 96.38285597 96.38285597 96.38285597 96.38285597 96.38285597 96.38285597 96.38285597 96.38285597 96.38285597 96.38285597 96.88299789 97.92483221 98.28453074 99.19684784 100.2944996 100.5825384 101.3045627 101.5682704 104.5208687 106.0642340 110.3033228 111.7799437 112.9768608 122.3024127 123.9694061 124.7200893 127.7150585 131.6027374 136.2882206 136.8392888 145.7280009 155.7436208 168.0809773 170.0955850 180.6005145 195.3843590 208.8350821 227.0694084 247.7646630 292.6909878 317.3580533 402.1310395 492.8463835 536.6031766 749.5131584 888.8077489 1011.199263 1501.848776 2267.567452 3041.945967 3430.000794 4688.641786 7242.963378 16593.47697 366934.5671 6464945.741
