    unsorted:	 96.38285597 96.38285597 96.38285597 96.38285597 96.38285597 96.38285597 96.38285597 96.38285597 96.38285597 96.38285597 96.43135742 96.43066509 96.43018896 96.43252949 96.43364605 96.42902749 96.43517034 96.43670167 96.43769173 96.43900593 96.42735826 96.44065561 96.44209498 96.44270255 96.44414797 96.44566631 96.44625387 96.44695980 96.44791270 96.44895591 96.44933154 96.45008845 96.45109236 96.45181431 96.45223180 96.45270954 96.45302639 96.45327146 96.45341823 96.42570598 96.42460658 96.42340841 96.42174187 96.42006484 96.41922491 96.41856691 96.41739115 96.41610783 96.41380411 96.41467766 96.41254262 96.40615159 96.46804880 96.48057038 96.38199154 96.48864605 96.50404300 96.50688793 96.35537087 96.51641007 96.26885220 96.21845192 96.15557758 96.11202981 96.07349551 96.02257553 95.98124411 96.75101261 95.95617256 95.75164043 97.15501603 97.22277953 95.51205280 97.65431617 97.88493528 98.04634868 98.19403774 94.87233969 98.68152620 98.93190322 93.97658813 93.57414656 92.40380818 101.0559440 91.07066644 90.07655504 89.13586339 103.5778283 88.60455939 105.9901671 107.9651017 111.2100979 112.6458358 113.9043901 116.4256609 121.6018427 64.44197409 154.6892142 161.7525849 4.287780562 22427.74935 7166.717120 3061566.711
      sorted:	 4.287780562 64.44197409 88.60455939 89.13586339 90.07655504 91.07066644 92.40380818 93.57414656 93.97658813 94.87233969 95.51205280 95.75164043 95.95617256 95.98124411 96.02257553 96.07349551 96.11202981 96.15557758 96.21845192 96.26885220 96.35537087 96.38199154 96.38285597 96.38285597 96.38285597 96.38285597 96.38285597 96.38285597 96.38285597 96.38285597 96.38285597 96.38285597 96.40615159 96.41254262 96.41380411 96.41467766 96.41610783 96.41739115 96.41856691 96.41922491 96.42006484 96.42174187 96.42340841 96.42460658 96.42570598 96.42735826 96.42902749 96.43018896 96.43066509 96.43135742 96.43252949 96.43364605 96.43517034 96.43670167 96.43769173 96.43900593 96.44065561 96.44209498 96.44270255 96.44414797 96.44566631 96.44625387 96.44695980 96.44791270 96.44895591 96.44933154 96.45008845 96.45109236 96.45181431 96.45223180 96.45270954 96.45302639 96.45327146 96.45341823 96.46804880 96.48057038 96.48864605 96.50404300 96.50688793 96.51641007 96.75101261 97.15501603 97.22277953 97.65431617 97.88493528 98.04634868 98.19403774 98.68152620 98.93190322 101.0559440 103.5778283 105.9901671 107.9651017 111.2100979 112.6458358 113.9043901 116.4256609 121.6018427 154.6892142 161.7525849 7166.717120 22427.74935 3061566.711
