    unsorted:	 96.38285597 96.38285597 96.38285597 96.38285597 96.38285597 96.38285597 96.38285597 96.38285597 96.38285597 96.38285597 96.50674545 96.50690074 96.50968617 96.50231215 96.49934775 96.51450034 96.49537951 96.49259501 96.49164663 96.48838127 96.48565985 96.51746089 96.48195119 96.47919441 96.47674470 96.47559458 96.47291103 96.52228484 96.52564952 96.52802164 96.52996992 96.53414976 96.46964228 96.53739952 96.53903970 96.54218747 96.54509803 96.46695757 96.46401751 96.46188238 96.46064205 96.45868671 96.54957880 96.55290569 96.45593921 96.55662290 96.56062651 96.45242224 96.45155856 96.56358372 96.44932909 96.44799544 96.56802152 96.57056494 96.57491729 96.57751518 96.58128546 96.58425356 96.58716717 96.59048477 96.59257612 96.59597787 96.59748225 96.60068430 96.60169271 96.60468325 96.60472682 96.60698136 96.60795430 96.60903387 96.61042350 96.61185384 96.42970615 96.38807477 96.34607366 96.08877892 95.90102106 95.85626755 97.37215145 95.28743058 94.14948791 98.47840080 92.39635644 90.01709561 87.24618358 104.9630582 84.16790817 108.5999989 80.68354383 77.71182107 76.91312158 75.74486613 114.7418431 127.1713151 143.3773039 146.2683166 152.6408783 169.3837519 218.9866527 432.5342375 1216.930772 21221.82199 15185.09006 835222.8942
      sorted:	 75.74486613 76.91312158 77.71182107 80.68354383 84.16790817 87.24618358 90.01709561 92.39635644 94.14948791 95.28743058 95.85626755 95.90102106 96.08877892 96.34607366 96.38285597 96.38285597 96.38285597 96.38285597 96.38285597 96.38285597 96.38285597 96.38285597 96.38285597 96.38285597 96.38807477 96.42970615 96.44799544 96.44932909 96.45155856 96.45242224 96.45593921 96.45868671 96.46064205 96.46188238 96.46401751 96.46695757 96.46964228 96.47291103 96.47559458 96.47674470 96.47919441 96.48195119 96.48565985 96.48838127 96.49164663 96.49259501 96.49537951 96.49934775 96.50231215 96.50674545 96.50690074 96.50968617 96.51450034 96.51746089 96.52228484 96.52564952 96.52802164 96.52996992 96.53414976 96.53739952 96.53903970 96.54218747 96.54509803 96.54957880 96.55290569 96.55662290 96.56062651 96.56358372 96.56802152 96.57056494 96.57491729 96.57751518 96.58128546 96.58425356 96.58716717 96.59048477 96.59257612 96.59597787 96.59748225 96.60068430 96.60169271 96.60468325 96.60472682 96.60698136 96.60795430 96.60903387 96.61042350 96.61185384 97.37215145 98.47840080 104.9630582 108.5999989 114.7418431 127.1713151 143.3773039 146.2683166 152.6408783 169.3837519 218.9866527 432.5342375 1216.930772 15185.09006 21221.82199 835222.8942
