    unsorted:	 96.38285597 96.38285597 96.38285597 96.38285597 96.38285597 96.38285597 96.38285597 96.38285597 96.38285597 96.38285597 95.64756997 95.65385250 95.63828581 95.66844143 95.62769734 95.68445793 95.61113462 95.70152170 95.71852803 95.73107624 95.74289155 95.75071224 95.76220345 95.59440272 95.77527135 95.57720130 95.56131297 95.54546897 95.53063142 95.51643301 95.51314337 95.50202423 95.48888805 95.47654075 95.46478472 95.45390419 95.44384696 95.43468981 95.42654014 95.41947996 95.40984884 95.41382905 95.40746452 95.40815602 95.40637974 95.80070248 95.82160887 95.85623195 95.88362960 95.90999181 95.93553048 95.96022238 95.98400882 96.00684858 96.02872874 96.04965735 96.06965269 96.08873532 96.10692402 96.12423449 96.14067762 96.15625111 96.17090085 96.18415443 96.19047631 96.19801646 96.20412066 96.21097807 96.21681717 96.22325260 96.22877212 96.23495701 96.24308383 96.25277742 96.26266364 96.27547986 95.20977898 96.44913584 96.56027995 97.89282163 99.00593634 93.16916114 99.75180076 101.2610004 101.5131722 103.7383604 106.2795613 82.77161744 113.7294171 120.6141189 129.2363242 68.09861190 144.4364292 149.1959010 163.1801953 50.32117271 182.0463865 184.6805056 199.4693948 208.9070739 26.39122615 221.6959974 239.5570999 258.1260171 288.7881742 372.6951890 382.4979994 413.7601291 603.1608812 690.1568258 890.4707029 1107.251577 1430.487869 1723.888956 2259.139005 2833.753465 3415.731366 4116.250520 4496.588026 16186.41281 350265.2794 194609292.1
      sorted:	 26.39122615 50.32117271 68.09861190 82.77161744 93.16916114 95.20977898 95.40637974 95.40746452 95.40815602 95.40984884 95.41382905 95.41947996 95.42654014 95.43468981 95.44384696 95.45390419 95.46478472 95.47654075 95.48888805 95.50202423 95.51314337 95.51643301 95.53063142 95.54546897 95.56131297 95.57720130 95.59440272 95.61113462 95.62769734 95.63828581 95.64756997 95.65385250 95.66844143 95.68445793 95.70152170 95.71852803 95.73107624 95.74289155 95.75071224 95.76220345 95.77527135 95.80070248 95.82160887 95.85623195 95.88362960 95.90999181 95.93553048 95.96022238 95.98400882 96.00684858 96.02872874 96.04965735 96.06965269 96.08873532 96.10692402 96.12423449 96.14067762 96.15625111 96.17090085 96.18415443 96.19047631 96.19801646 96.20412066 96.21097807 96.21681717 96.22325260 96.22877212 96.23495701 96.24308383 96.25277742 96.26266364 96.27547986 96.38285597 96.38285597 96.38285597 96.38285597 96.38285597 96.38285597 96.38285597 96.38285597 96.38285597 96.38285597 96.44913584 96.56027995 97.89282163 99.00593634 99.75180076 101.2610004 101.5131722 103.7383604 106.2795613 113.7294171 120.6141189 129.2363242 144.4364292 149.1959010 163.1801953 182.0463865 184.6805056 199.4693948 208.9070739 221.6959974 239.5570999 258.1260171 288.7881742 372.6951890 382.4979994 413.7601291 603.1608812 690.1568258 890.4707029 1107.251577 1430.487869 1723.888956 2259.139005 2833.753465 3415.731366 4116.250520 4496.588026 16186.41281 350265.2794 194609292.1
