    unsorted:	 96.38285597 96.38285597 96.38285597 96.38285597 96.38285597 96.38285597 96.38285597 96.38285597 96.38285597 96.38285597 95.25059813 95.04443811 95.42482154 94.80042082 95.57209591 94.51153167 94.16946670 93.76443531 93.28493811 92.71753697 92.04665148 91.25437049 90.32020714 89.22017883 87.81522750 86.15396094 84.19749191 81.89724255 79.21262817 76.20222904 73.18399287 109.9391541 66.81506272 61.01397237 54.45532826 246.4512500 1513.361712 1515.145776 1476.366641 1418.729828 1313.230118 1256.126697 1175.515437 1709.882988 1722.998514 1027.315487 994.0737833 736.6883404 834.7155993 1912.164038 1979.271095 2131.218218 2177.882503 2242.683940 2327.963589 2467.662023 2524.320136 2658.759292 2739.681483 2780.407482 2936.169988 3004.160476 3052.393548 3457.065406 3509.245067 3545.720918 3797.811268 3752.624420 3845.317301 3876.211999 3981.579972 4216.111428 4286.682654 4311.179411 4397.104455 4459.740340 4532.409569 4648.339025 4827.517230 4951.114097 5163.220592 5224.534150 5821.798943 5876.879824 5963.944048 6045.366482 6112.457188 6629.997293 7082.928243 7122.688721 7319.892566 7478.535619 7682.604182 7973.766761 8183.860555 8781.917259 8944.378906 9310.658321 9837.587850 10289.09725 10507.05121 11251.18344 11972.99891 12084.86512 12204.31044 12305.59957 12656.28565 13385.49209 13535.42208 13781.30437 14077.54241 14269.36200 14684.14682 15864.16826 16039.57442 17263.28673 18202.15733 19255.46095 20065.15436 20680.50929 21787.19301 23252.21512 24140.48105 25196.35113 25362.16227 27844.81977 28298.48982 30381.62474 34482.81317 37561.76657 39435.00578 40761.87308 44041.15599 47426.99523 48818.95916 50905.38162 54372.87704 66268.49885 70426.45103 93912.46614 5998142.023 5528844467.
      sorted:	 54.45532826 61.01397237 66.81506272 73.18399287 76.20222904 79.21262817 81.89724255 84.19749191 86.15396094 87.81522750 89.22017883 90.32020714 91.25437049 92.04665148 92.71753697 93.28493811 93.76443531 94.16946670 94.51153167 94.80042082 95.04443811 95.25059813 95.42482154 95.57209591 96.38285597 96.38285597 96.38285597 96.38285597 96.38285597 96.38285597 96.38285597 96.38285597 96.38285597 96.38285597 109.9391541 246.4512500 736.6883404 834.7155993 994.0737833 1027.315487 1175.515437 1256.126697 1313.230118 1418.729828 1476.366641 1513.361712 1515.145776 1709.882988 1722.998514 1912.164038 1979.271095 2131.218218 2177.882503 2242.683940 2327.963589 2467.662023 2524.320136 2658.759292 2739.681483 2780.407482 2936.169988 3004.160476 3052.393548 3457.065406 3509.245067 3545.720918 3752.624420 3797.811268 3845.317301 3876.211999 3981.579972 4216.111428 4286.682654 4311.179411 4397.104455 4459.740340 4532.409569 4648.339025 4827.517230 4951.114097 5163.220592 5224.534150 5821.798943 5876.879824 5963.944048 6045.366482 6112.457188 6629.997293 7082.928243 7122.688721 7319.892566 7478.535619 7682.604182 7973.766761 8183.860555 8781.917259 8944.378906 9310.658321 9837.587850 10289.09725 10507.05121 11251.18344 11972.99891 12084.86512 12204.31044 12305.59957 12656.28565 13385.49209 13535.42208 13781.30437 14077.54241 14269.36200 14684.14682 15864.16826 16039.57442 17263.28673 18202.15733 19255.46095 20065.15436 20680.50929 21787.19301 23252.21512 24140.48105 25196.35113 25362.16227 27844.81977 28298.48982 30381.62474 34482.81317 37561.76657 39435.00578 40761.87308 44041.15599 47426.99523 48818.95916 50905.38162 54372.87704 66268.49885 70426.45103 93912.46614 5998142.023 5528844467.
