    unsorted:	 96.38285597 96.38285597 96.38285597 96.38285597 96.38285597 96.38285597 96.38285597 96.38285597 96.38285597 96.38285597 94.29410491 94.29732463 94.27150843 94.27614874 94.25975536 94.25573209 94.24986286 94.24747956 94.31573060 94.32587197 94.34620233 94.36137227 94.37965982 94.39216886 94.41428862 94.44352915 94.45981034 94.47332058 94.49196933 94.50331278 94.51278506 94.52229159 94.21377629 94.54678242 94.19796678 94.59369813 94.64114515 94.68019534 94.71040753 94.75473882 94.80441856 94.13432018 94.83937486 94.85712926 94.90765695 94.95899863 95.01055768 95.06235502 95.11439992 95.16661485 95.21881486 95.27068779 95.32163720 95.40101235 95.36934361 95.43240385 95.47820827 95.52536700 95.57163086 95.61649706 95.65975598 95.70130133 95.74108143 95.77908331 95.81534636 96.14347191 96.30799733 97.21451626 97.25707528 91.51397843 98.32405308 98.91826393 99.30711167 99.81761246 99.97553071 88.21981480 87.38441942 104.2484834 106.0074069 83.25682258 111.0168397 113.2448255 113.9441886 79.21940807 117.1933742 119.0134989 75.11316265 71.79691965 69.57760046 125.2080678 126.8281541 134.4984442 139.3933416 143.4670712 147.7222028 149.7126906 159.6085203 178.0881041 187.9988288 216.7845855 272.5152206 296.6648397 389.6984684 510.7122571 737.4395816 1267.407597 2314.919301 3231.027718 3931.928263 19243.97967 237130.8990 9410444.052
      sorted:	 69.57760046 71.79691965 75.11316265 79.21940807 83.25682258 87.38441942 88.21981480 91.51397843 94.13432018 94.19796678 94.21377629 94.24747956 94.24986286 94.25573209 94.25975536 94.27150843 94.27614874 94.29410491 94.29732463 94.31573060 94.32587197 94.34620233 94.36137227 94.37965982 94.39216886 94.41428862 94.44352915 94.45981034 94.47332058 94.49196933 94.50331278 94.51278506 94.52229159 94.54678242 94.59369813 94.64114515 94.68019534 94.71040753 94.75473882 94.80441856 94.83937486 94.85712926 94.90765695 94.95899863 95.01055768 95.06235502 95.11439992 95.16661485 95.21881486 95.27068779 95.32163720 95.36934361 95.40101235 95.43240385 95.47820827 95.52536700 95.57163086 95.61649706 95.65975598 95.70130133 95.74108143 95.77908331 95.81534636 96.14347191 96.30799733 96.38285597 96.38285597 96.38285597 96.38285597 96.38285597 96.38285597 96.38285597 96.38285597 96.38285597 96.38285597 97.21451626 97.25707528 98.32405308 98.91826393 99.30711167 99.81761246 99.97553071 104.2484834 106.0074069 111.0168397 113.2448255 113.9441886 117.1933742 119.0134989 125.2080678 126.8281541 134.4984442 139.3933416 143.4670712 147.7222028 149.7126906 159.6085203 178.0881041 187.9988288 216.7845855 272.5152206 296.6648397 389.6984684 510.7122571 737.4395816 1267.407597 2314.919301 3231.027718 3931.928263 19243.97967 237130.8990 9410444.052
