    unsorted:	 96.38285597 96.38285597 96.38285597 96.38285597 96.38285597 96.38285597 96.38285597 96.38285597 96.38285597 96.38285597 96.23875907 96.23825627 96.23634969 96.23402752 96.24298442 96.24462893 96.24678399 96.24975567 96.25099669 96.25358963 96.25520558 96.25713343 96.25678035 96.23146596 96.22932509 96.22783685 96.25900280 96.22431746 96.22239134 96.21540350 96.21722564 96.26467655 96.21033304 96.20842820 96.20360499 96.20161398 96.19699920 96.19503134 96.19057096 96.18869433 96.18429731 96.18268683 96.27110801 96.17805944 96.17585920 96.17275366 96.17069998 96.16802040 96.16615302 96.16389405 96.16042216 96.16224925 96.15781282 96.15910630 96.15651283 96.15711634 96.15638716 96.27734313 96.28316158 96.28792975 96.29148415 96.29600814 96.30092315 96.14825287 96.30555655 96.30965230 96.31339193 96.31727166 96.32128235 96.32524118 96.32906000 96.33271501 96.33623890 96.34048865 96.38026078 96.43275331 96.68091647 97.14374705 95.40855795 97.89570965 99.01315487 93.82495959 100.0606683 100.4749622 101.2208696 102.7433812 105.1336477 107.6888085 109.1420363 110.4499712 111.7451530 86.23067910 114.6737240 124.6816636 130.1492142 136.2749316 66.50538017 145.9487904 148.6319518 156.9756189 49.59903460 184.4274786 192.1150586 204.6998398 274.0917585 356.7703636 544.9964221 718.4518897 1231.388807 18613.47147 23888.46948 209886.6305
      sorted:	 49.59903460 66.50538017 86.23067910 93.82495959 95.40855795 96.14825287 96.15638716 96.15651283 96.15711634 96.15781282 96.15910630 96.16042216 96.16224925 96.16389405 96.16615302 96.16802040 96.17069998 96.17275366 96.17585920 96.17805944 96.18268683 96.18429731 96.18869433 96.19057096 96.19503134 96.19699920 96.20161398 96.20360499 96.20842820 96.21033304 96.21540350 96.21722564 96.22239134 96.22431746 96.22783685 96.22932509 96.23146596 96.23402752 96.23634969 96.23825627 96.23875907 96.24298442 96.24462893 96.24678399 96.24975567 96.25099669 96.25358963 96.25520558 96.25678035 96.25713343 96.25900280 96.26467655 96.27110801 96.27734313 96.28316158 96.28792975 96.29148415 96.29600814 96.30092315 96.30555655 96.30965230 96.31339193 96.31727166 96.32128235 96.32524118 96.32906000 96.33271501 96.33623890 96.34048865 96.38026078 96.38285597 96.38285597 96.38285597 96.38285597 96.38285597 96.38285597 96.38285597 96.38285597 96.38285597 96.38285597 96.43275331 96.68091647 97.14374705 97.89570965 99.01315487 100.0606683 100.4749622 101.2208696 102.7433812 105.1336477 107.6888085 109.1420363 110.4499712 111.7451530 114.6737240 124.6816636 130.1492142 136.2749316 145.9487904 148.6319518 156.9756189 184.4274786 192.1150586 204.6998398 274.0917585 356.7703636 544.9964221 718.4518897 1231.388807 18613.47147 23888.46948 209886.6305
