    unsorted:	 96.38285597 96.38285597 96.38285597 96.38285597 96.38285597 96.38285597 96.38285597 96.38285597 96.38285597 96.38285597 96.35465354 96.35412594 96.35352275 96.35272733 96.35222298 96.35052469 96.35648324 96.34825242 96.34543699 96.34207330 96.36137234 96.33742531 96.33767489 96.33191821 96.32731161 96.32609156 96.36730088 96.31899174 96.31433422 96.38238097 96.30729846 96.29629466 96.28095679 96.27803497 96.26086661 96.23657437 96.42786247 96.20850739 96.17762871 96.14612319 96.12637008 96.11486094 96.08721684 96.06133486 96.03816402 96.03485446 96.01736644 96.00283158 95.99053013 95.97875738 95.96791974 95.95812259 95.94874197 95.93994953 95.93180620 95.92878428 96.57389790 96.66820608 95.75935062 95.54872428 95.24109419 97.82713174 94.43663634 99.91355539 103.2294482 107.4656396 165.8109895 234.5323934 381.4969120 1364.243676 18418.20635 42534.87447 156960238.8
      sorted:	 94.43663634 95.24109419 95.54872428 95.75935062 95.92878428 95.93180620 95.93994953 95.94874197 95.95812259 95.96791974 95.97875738 95.99053013 96.00283158 96.01736644 96.03485446 96.03816402 96.06133486 96.08721684 96.11486094 96.12637008 96.14612319 96.17762871 96.20850739 96.23657437 96.26086661 96.27803497 96.28095679 96.29629466 96.30729846 96.31433422 96.31899174 96.32609156 96.32731161 96.33191821 96.33742531 96.33767489 96.34207330 96.34543699 96.34825242 96.35052469 96.35222298 96.35272733 96.35352275 96.35412594 96.35465354 96.35648324 96.36137234 96.36730088 96.38238097 96.38285597 96.38285597 96.38285597 96.38285597 96.38285597 96.38285597 96.38285597 96.38285597 96.38285597 96.38285597 96.42786247 96.57389790 96.66820608 97.82713174 99.91355539 103.2294482 107.4656396 165.8109895 234.5323934 381.4969120 1364.243676 18418.20635 42534.87447 156960238.8
