    unsorted:	 96.38285597 96.38285597 96.38285597 96.38285597 96.38285597 96.38285597 96.38285597 96.38285597 96.38285597 96.38285597 96.32095567 96.32145384 96.32260218 96.32373625 96.31768903 96.31463750 96.31310750 96.32739824 96.30722540 96.29988915 96.29885100 96.33340848 96.29155081 96.28079484 96.27485225 96.34488495 96.26783438 96.25682944 96.25456313 96.35909064 96.23800768 96.22595452 96.20849252 96.40449420 96.18190027 96.14486764 96.09772569 96.04031856 96.51640933 95.97478528 95.90447447 95.83703037 95.78536076 95.73438272 95.67467163 95.61483649 95.55837810 95.50912477 95.47276821 95.44348624 95.41562462 95.38976634 95.36691313 95.34533457 95.32546545 95.30659963 95.29974598 96.82873723 97.03177885 94.20756665 98.87315128 99.53327460 91.52174471 102.7398195 104.9536798 113.3108510 118.7548133 129.9392500 221.5532227 429.8934780 4813.769442 42531.57987 74499584.23
      sorted:	 91.52174471 94.20756665 95.29974598 95.30659963 95.32546545 95.34533457 95.36691313 95.38976634 95.41562462 95.44348624 95.47276821 95.50912477 95.55837810 95.61483649 95.67467163 95.73438272 95.78536076 95.83703037 95.90447447 95.97478528 96.04031856 96.09772569 96.14486764 96.18190027 96.20849252 96.22595452 96.23800768 96.25456313 96.25682944 96.26783438 96.27485225 96.28079484 96.29155081 96.29885100 96.29988915 96.30722540 96.31310750 96.31463750 96.31768903 96.32095567 96.32145384 96.32260218 96.32373625 96.32739824 96.33340848 96.34488495 96.35909064 96.38285597 96.38285597 96.38285597 96.38285597 96.38285597 96.38285597 96.38285597 96.38285597 96.38285597 96.38285597 96.40449420 96.51640933 96.82873723 97.03177885 98.87315128 99.53327460 102.7398195 104.9536798 113.3108510 118.7548133 129.9392500 221.5532227 429.8934780 4813.769442 42531.57987 74499584.23
