    unsorted:	 96.38285597 96.38285597 96.38285597 96.38285597 96.38285597 96.38285597 96.38285597 96.38285597 96.38285597 96.38285597 96.35279623 96.35773436 96.34689201 96.36186358 96.33983480 96.33140273 96.32133270 96.30931369 96.29497890 96.27789706 96.25756253 96.23338332 96.20466575 96.17059224 96.13018878 96.08227875 96.02542576 95.95787633 95.87751693 95.78185588 95.66803506 95.53288518 95.37307231 95.18546926 94.96820499 94.72475334 94.48868876 94.31612952 94.10842115 93.98102352 93.72914500 93.37496803 92.95961936 92.48139178 91.93210968 91.30093622 90.57560083 89.74322955 88.79088870 87.70929346 86.92539205 86.44035596 85.04994401 83.45134198 81.60405563 79.42688377 76.86493602 113.0697554 74.11789611 71.82733614 133.1203598 167.1726250 168.3762367 204.1437250 209.4938542 218.3093038 229.5893000 241.0633048 244.7812845 250.1315534 253.0572747 293.7113211 295.2089811 301.4833722 312.2731928 314.2399888 329.6645181 354.5864109 361.5418316 367.6490753 369.6062663 389.2300962 393.6089930 391.7868070 410.4048451 424.5015751 426.9698537 440.3685914 449.7242882 461.6148298 467.4388954 469.9252175 472.4200262 509.5076523 506.7251689 516.2224956 538.4337882 556.3828649 566.1423286 580.0827725 592.6408193 605.2853301 656.7358310 667.2803114 677.3223165 698.7890045 723.1116666 753.3962731 783.5006854 804.2268517 892.0890876 905.1547212 927.0360877 948.3597194 988.7107816 1076.955040 1118.597859 1127.397076 1205.419717 1226.231718 1299.749273 1319.242708 1360.279837 1372.663374 1409.454408 1515.144122 1527.348339 1567.170146 1616.005606 1696.046614 1713.322202 1724.307537 1874.210317 1936.143199 2007.634500 2381.203843 2840.738012 4176.088576 8796.998463 12459.03154 273639.0366 116166534.5
      sorted:	 71.82733614 74.11789611 76.86493602 79.42688377 81.60405563 83.45134198 85.04994401 86.44035596 86.92539205 87.70929346 88.79088870 89.74322955 90.57560083 91.30093622 91.93210968 92.48139178 92.95961936 93.37496803 93.72914500 93.98102352 94.10842115 94.31612952 94.48868876 94.72475334 94.96820499 95.18546926 95.37307231 95.53288518 95.66803506 95.78185588 95.87751693 95.95787633 96.02542576 96.08227875 96.13018878 96.17059224 96.20466575 96.23338332 96.25756253 96.27789706 96.29497890 96.30931369 96.32133270 96.33140273 96.33983480 96.34689201 96.35279623 96.35773436 96.36186358 96.38285597 96.38285597 96.38285597 96.38285597 96.38285597 96.38285597 96.38285597 96.38285597 96.38285597 96.38285597 113.0697554 133.1203598 167.1726250 168.3762367 204.1437250 209.4938542 218.3093038 229.5893000 241.0633048 244.7812845 250.1315534 253.0572747 293.7113211 295.2089811 301.4833722 312.2731928 314.2399888 329.6645181 354.5864109 361.5418316 367.6490753 369.6062663 389.2300962 391.7868070 393.6089930 410.4048451 424.5015751 426.9698537 440.3685914 449.7242882 461.6148298 467.4388954 469.9252175 472.4200262 506.7251689 509.5076523 516.2224956 538.4337882 556.3828649 566.1423286 580.0827725 592.6408193 605.2853301 656.7358310 667.2803114 677.3223165 698.7890045 723.1116666 753.3962731 783.5006854 804.2268517 892.0890876 905.1547212 927.0360877 948.3597194 988.7107816 1076.955040 1118.597859 1127.397076 1205.419717 1226.231718 1299.749273 1319.242708 1360.279837 1372.663374 1409.454408 1515.144122 1527.348339 1567.170146 1616.005606 1696.046614 1713.322202 1724.307537 1874.210317 1936.143199 2007.634500 2381.203843 2840.738012 4176.088576 8796.998463 12459.03154 273639.0366 116166534.5
