    unsorted:	 168.4863884 168.6640616 168.1961624 167.7420420 167.2922589 167.1953992 166.4689034 165.6407548 165.5954085 169.4630155 164.7623386 163.7429079 162.9969202 162.5483535 161.5903140 159.9142276 172.2940731 157.2878376 156.8594937 175.2274867 154.6148961 152.2410038 150.1600556 149.8762084 178.1611607 147.5918203 145.3816626 144.0366606 142.9439863 181.0600907 140.8670988 183.8964142 138.8039079 186.1807138 186.7800865 136.9576257 136.0927157 135.0803812 134.4805060 132.6863760 189.3796718 131.0638124 130.5059340 191.8498549 193.4138051 128.9495356 194.9721877 196.7755085 196.9520418 197.5567908 202.3539074 204.8646796 122.0664471 111.9626249 110.3353934 96.38285597 228.5333820 232.6768023 101.2846764 238.1706428 239.3352909 245.0853392 87.21393724 262.5836759 264.6651248 79.48231974 283.7634299 294.0592991 57.76262005 306.3308700 48.68073756 316.8276231 343.5024112 358.9517703 364.8325077 378.4606977 419.6349648 424.2044190 476.3204103 489.4412489 500.8201062 543.1497580 553.9145829 609.5741856 629.4235586 672.4289661 682.4343300 778.4956759 793.7050175 943.9050518 993.7711921 1031.659062 1131.243240 1233.070862 1273.943025 1363.034503 1457.290649 1506.843345 1523.960684 1874.073079 1968.079626 1999.767981 2168.646649 2245.101023 2669.122973 2912.242775 2951.142926 3324.892693 3452.422336 3507.493726 3793.103551 3842.183698 3927.435401 4383.603377 4419.828154 4783.598171 5048.606939 5250.720381 5448.449308 5509.106357 5858.739969 6025.938345 -4200.338782 6555.776169 6919.295721 7947.389194 8681.916632 9038.860696 11406.80228 12518.96269 15436.32242 1608373.024 1.843473669e+11
      sorted:	 -4200.338782 48.68073756 57.76262005 79.48231974 87.21393724 96.38285597 101.2846764 110.3353934 111.9626249 122.0664471 128.9495356 130.5059340 131.0638124 132.6863760 134.4805060 135.0803812 136.0927157 136.9576257 138.8039079 140.8670988 142.9439863 144.0366606 145.3816626 147.5918203 149.8762084 150.1600556 152.2410038 154.6148961 156.8594937 157.2878376 159.9142276 161.5903140 162.5483535 162.9969202 163.7429079 164.7623386 165.5954085 165.6407548 166.4689034 167.1953992 167.2922589 167.7420420 168.1961624 168.4863884 168.6640616 169.4630155 172.2940731 175.2274867 178.1611607 181.0600907 183.8964142 186.1807138 186.7800865 189.3796718 191.8498549 193.4138051 194.9721877 196.7755085 196.9520418 197.5567908 202.3539074 204.8646796 228.5333820 232.6768023 238.1706428 239.3352909 245.0853392 262.5836759 264.6651248 283.7634299 294.0592991 306.3308700 316.8276231 343.5024112 358.9517703 364.8325077 378.4606977 419.6349648 424.2044190 476.3204103 489.4412489 500.8201062 543.1497580 553.9145829 609.5741856 629.4235586 672.4289661 682.4343300 778.4956759 793.7050175 943.9050518 993.7711921 1031.659062 1131.243240 1233.070862 1273.943025 1363.034503 1457.290649 1506.843345 1523.960684 1874.073079 1968.079626 1999.767981 2168.646649 2245.101023 2669.122973 2912.242775 2951.142926 3324.892693 3452.422336 3507.493726 3793.103551 3842.183698 3927.435401 4383.603377 4419.828154 4783.598171 5048.606939 5250.720381 5448.449308 5509.106357 5858.739969 6025.938345 6555.776169 6919.295721 7947.389194 8681.916632 9038.860696 11406.80228 12518.96269 15436.32242 1608373.024 1.843473669e+11
