    unsorted:	 96.38285597 96.38285597 96.38285597 96.38285597 96.38285597 96.38285597 96.38285597 96.38285597 96.38285597 96.38285597 164.2020272 164.5037354 164.6792526 163.7903698 163.2623444 162.7686084 162.5470825 165.1502873 161.7476227 160.9183903 160.0182956 159.9510884 159.8071687 166.9633911 158.3945710 157.1245832 168.5759294 154.3700761 154.6449276 154.0280911 170.5737301 151.4235411 150.7735102 148.9849968 148.4090189 173.3593480 146.0727685 145.0556995 176.1905509 176.4950990 142.8890262 179.4609344 140.3437317 139.0806764 137.8317421 182.5317356 185.5723446 135.4089272 188.5445532 133.0697469 191.3797085 193.8120259 195.1313918 196.5929751 197.8996488 198.7788566 200.8814420 130.8191570 203.2926105 205.0030562 206.1679316 207.7727040 126.0861060 114.4470457 108.3380270 221.9301588 97.51968548 237.3571397 241.6379350 81.84534385 80.15565316 264.9914131 270.0347837 62.91286480 284.0329763 287.8265893 298.9450172 311.0190074 339.2581586 364.6426160 380.6669275 394.0632165 391.9500290 404.1926226 467.0699881 503.3657569 512.4106410 517.0259028 527.3976623 550.7180355 559.6775570 632.0492162 692.5026152 733.4542329 765.7141216 856.7963482 889.8933506 1036.320856 1032.284032 1049.534320 1139.679231 1216.703255 1322.846468 1350.793109 1424.407568 1529.017959 1820.870915 1875.842360 1954.888727 2033.404825 2141.396434 2360.713356 2461.894452 2663.171080 2735.033628 3035.392181 3333.127430 3522.129173 3537.306171 3596.243075 3927.792829 4165.896943 4236.394133 4268.279178 4546.630145 4696.218146 4796.941813 5070.687547 5536.996805 5764.495529 5939.144354 6260.751872 6705.676857 6757.287652 7991.808643 8795.540117 12455.23194 12615.96949 28325.96127 -277565.9469 1197292.588 2.203470249e+11
      sorted:	 -277565.9469 62.91286480 80.15565316 81.84534385 96.38285597 96.38285597 96.38285597 96.38285597 96.38285597 96.38285597 96.38285597 96.38285597 96.38285597 96.38285597 97.51968548 108.3380270 114.4470457 126.0861060 130.8191570 133.0697469 135.4089272 137.8317421 139.0806764 140.3437317 142.8890262 145.0556995 146.0727685 148.4090189 148.9849968 150.7735102 151.4235411 154.0280911 154.3700761 154.6449276 157.1245832 158.3945710 159.8071687 159.9510884 160.0182956 160.9183903 161.7476227 162.5470825 162.7686084 163.2623444 163.7903698 164.2020272 164.5037354 164.6792526 165.1502873 166.9633911 168.5759294 170.5737301 173.3593480 176.1905509 176.4950990 179.4609344 182.5317356 185.5723446 188.5445532 191.3797085 193.8120259 195.1313918 196.5929751 197.8996488 198.7788566 200.8814420 203.2926105 205.0030562 206.1679316 207.7727040 221.9301588 237.3571397 241.6379350 264.9914131 270.0347837 284.0329763 287.8265893 298.9450172 311.0190074 339.2581586 364.6426160 380.6669275 391.9500290 394.0632165 404.1926226 467.0699881 503.3657569 512.4106410 517.0259028 527.3976623 550.7180355 559.6775570 632.0492162 692.5026152 733.4542329 765.7141216 856.7963482 889.8933506 1032.284032 1036.320856 1049.534320 1139.679231 1216.703255 1322.846468 1350.793109 1424.407568 1529.017959 1820.870915 1875.842360 1954.888727 2033.404825 2141.396434 2360.713356 2461.894452 2663.171080 2735.033628 3035.392181 3333.127430 3522.129173 3537.306171 3596.243075 3927.792829 4165.896943 4236.394133 4268.279178 4546.630145 4696.218146 4796.941813 5070.687547 5536.996805 5764.495529 5939.144354 6260.751872 6705.676857 6757.287652 7991.808643 8795.540117 12455.23194 12615.96949 28325.96127 1197292.588 2.203470249e+11
