    unsorted:	 96.38285597 96.38285597 96.38285597 96.38285597 96.38285597 96.38285597 96.38285597 96.38285597 96.38285597 96.38285597 96.29390488 96.28961540 96.29798465 96.28499488 96.30188603 96.30559977 96.27999549 96.30930424 96.27459297 96.31311840 96.26883548 96.26282859 96.31704237 96.25671404 96.25068529 96.32112637 96.24514663 96.23977198 96.23357971 96.32532839 96.22663629 96.21909403 96.21126884 96.20388369 96.19970874 96.19593118 96.19039868 96.18568399 96.18025685 96.17315304 96.16625895 96.34410162 96.15760848 96.14507344 96.12845653 96.10790768 96.08361846 96.05635456 96.42960956 96.03293862 96.02314193 95.99409951 95.96729680 95.95128864 95.93951152 96.67271077 97.24817729 97.64469657 99.15137202 93.28899226 101.5424808 103.7973367 105.4812106 108.6102955 81.01958948 114.7916997 77.07809925 182.4073614 18.55385649 269.7879747 649.0334313 3799.295330 42526.91801
      sorted:	 18.55385649 77.07809925 81.01958948 93.28899226 95.93951152 95.95128864 95.96729680 95.99409951 96.02314193 96.03293862 96.05635456 96.08361846 96.10790768 96.12845653 96.14507344 96.15760848 96.16625895 96.17315304 96.18025685 96.18568399 96.19039868 96.19593118 96.19970874 96.20388369 96.21126884 96.21909403 96.22663629 96.23357971 96.23977198 96.24514663 96.25068529 96.25671404 96.26282859 96.26883548 96.27459297 96.27999549 96.28499488 96.28961540 96.29390488 96.29798465 96.30188603 96.30559977 96.30930424 96.31311840 96.31704237 96.32112637 96.32532839 96.34410162 96.38285597 96.38285597 96.38285597 96.38285597 96.38285597 96.38285597 96.38285597 96.38285597 96.38285597 96.38285597 96.42960956 96.67271077 97.24817729 97.64469657 99.15137202 101.5424808 103.7973367 105.4812106 108.6102955 114.7916997 182.4073614 269.7879747 649.0334313 3799.295330 42526.91801
