    unsorted:	 96.38285597 96.38285597 96.38285597 96.38285597 96.38285597 96.38285597 96.38285597 96.38285597 96.38285597 96.38285597 94.67092594 94.64323372 94.69680649 94.60333004 94.55120753 94.49539929 94.74546527 94.43526912 94.36387206 94.81455546 94.29675840 94.22101624 94.13974337 94.88848056 94.05851744 93.96711196 93.87786973 93.81662524 93.72809959 94.97923098 93.62517784 95.07317551 93.52616909 93.41919097 93.31522309 93.20756336 93.10268060 92.99920560 92.89956207 95.21817335 95.28085663 92.80635568 92.72002991 92.64365685 92.57744878 92.62101721 92.52190552 92.47781450 92.44715383 92.42635141 92.42856038 95.56026031 95.75317305 95.94789459 96.41777702 97.73855303 99.40840360 88.46328182 100.8158078 86.21255216 84.73016291 105.9317975 110.5614781 132.4866356 139.8250060 141.3809804 153.0250298 167.3840889 171.9706884 185.8172329 208.9715189 235.6049041 240.6102435 288.7733401 298.8219436 360.7098794 408.7172798 552.5054631 625.1150090 784.1774557 983.0863483 1092.475028 1316.307810 1330.444460 1744.742085 1786.558305 2182.002061 3472.875986 5968.800408 26003.79402 219847.7046 13127455.78
      sorted:	 84.73016291 86.21255216 88.46328182 92.42635141 92.42856038 92.44715383 92.47781450 92.52190552 92.57744878 92.62101721 92.64365685 92.72002991 92.80635568 92.89956207 92.99920560 93.10268060 93.20756336 93.31522309 93.41919097 93.52616909 93.62517784 93.72809959 93.81662524 93.87786973 93.96711196 94.05851744 94.13974337 94.22101624 94.29675840 94.36387206 94.43526912 94.49539929 94.55120753 94.60333004 94.64323372 94.67092594 94.69680649 94.74546527 94.81455546 94.88848056 94.97923098 95.07317551 95.21817335 95.28085663 95.56026031 95.75317305 95.94789459 96.38285597 96.38285597 96.38285597 96.38285597 96.38285597 96.38285597 96.38285597 96.38285597 96.38285597 96.38285597 96.41777702 97.73855303 99.40840360 100.8158078 105.9317975 110.5614781 132.4866356 139.8250060 141.3809804 153.0250298 167.3840889 171.9706884 185.8172329 208.9715189 235.6049041 240.6102435 288.7733401 298.8219436 360.7098794 408.7172798 552.5054631 625.1150090 784.1774557 983.0863483 1092.475028 1316.307810 1330.444460 1744.742085 1786.558305 2182.002061 3472.875986 5968.800408 26003.79402 219847.7046 13127455.78
