    unsorted:	 96.38285597 96.38285597 96.38285597 96.38285597 96.38285597 96.38285597 96.38285597 96.38285597 96.38285597 96.38285597 95.85986669 95.88439575 95.90781709 95.93082440 95.83368280 95.95396336 95.80564925 95.97734380 96.00055468 95.77548611 96.02305806 96.04457034 95.74256134 96.06506173 95.70642057 96.08491363 96.10512224 95.66703336 95.62450156 95.57852108 95.52871930 96.15453507 95.47487244 95.41709570 95.35580925 95.29088434 95.22114768 95.14618600 95.06045676 96.40163270 94.98509413 94.91019271 94.82364033 94.72555971 94.61620538 94.51186044 94.40856279 94.27705130 94.11465901 93.93243995 93.76179342 93.63988442 93.52012527 93.44869441 97.92699053 99.41245170 99.99465553 104.2099504 87.47167327 110.6266785 111.8828401 114.1475514 120.3194016 128.9086095 132.0015736 135.6889518 138.9789005 143.1296727 161.5665680 191.2689497 206.0376488 295.0558811 397.4055916 1110.173179 1895.433959 38360.17229 37933.51054
      sorted:	 87.47167327 93.44869441 93.52012527 93.63988442 93.76179342 93.93243995 94.11465901 94.27705130 94.40856279 94.51186044 94.61620538 94.72555971 94.82364033 94.91019271 94.98509413 95.06045676 95.14618600 95.22114768 95.29088434 95.35580925 95.41709570 95.47487244 95.52871930 95.57852108 95.62450156 95.66703336 95.70642057 95.74256134 95.77548611 95.80564925 95.83368280 95.85986669 95.88439575 95.90781709 95.93082440 95.95396336 95.97734380 96.00055468 96.02305806 96.04457034 96.06506173 96.08491363 96.10512224 96.15453507 96.38285597 96.38285597 96.38285597 96.38285597 96.38285597 96.38285597 96.38285597 96.38285597 96.38285597 96.38285597 96.40163270 97.92699053 99.41245170 99.99465553 104.2099504 110.6266785 111.8828401 114.1475514 120.3194016 128.9086095 132.0015736 135.6889518 138.9789005 143.1296727 161.5665680 191.2689497 206.0376488 295.0558811 397.4055916 1110.173179 1895.433959 37933.51054 38360.17229
