    unsorted:	 96.38285597 96.38285597 96.38285597 96.38285597 96.38285597 96.38285597 96.38285597 96.38285597 96.38285597 96.38285597 92.08289656 91.90155820 92.35112548 91.70564566 92.61451729 92.86184966 93.09344525 93.31147520 93.51772473 93.71321533 93.89792478 94.07181102 91.39430203 94.23543535 94.38932489 91.04917744 90.60443915 90.12539298 95.07085131 89.62128922 89.10404086 88.57837720 88.02301219 87.85072359 87.39436107 86.71000374 85.97418777 85.20554735 84.43119876 83.69356896 98.31239366 82.99878090 82.25157610 81.41540892 80.53393752 79.67965076 78.98643595 101.4563104 77.63375047 76.95738841 76.30575450 75.67921355 75.24313675 74.88972383 74.68112963 107.5440267 108.6054755 113.8322560 113.6361880 115.9154965 118.0226583 121.3352423 123.5264399 130.3738258 129.0382521 131.9531097 133.3246231 136.5534662 137.2011604 137.6237447 142.2071350 141.5189086 142.7249568 144.4449861 145.9454575 149.9490437 151.6628761 152.1564034 157.5239430 157.8697469 158.4894000 160.7771473 164.4604596 165.7488779 165.5744702 167.3993770 172.6643111 176.1498672 178.3271913 178.2547812 180.6163469 183.7323929 187.0457005 190.2844480 193.8630958 194.5188999 201.3769130 203.6957179 208.7086814 210.3295091 225.5183595 236.2037283 248.2505961 251.8113607 254.4909053 272.9735892 280.3198075 280.9057018 294.7526947 302.3805187 308.4698987 335.3344681 350.7936160 367.6788038 375.7460081 410.2474805 440.6745329 469.5390111 506.2638645 549.4509770 561.1204469 636.1779760 655.5817853 679.4088719 887.1647264 933.7240001 1010.108140 1122.374621 1190.799549 1513.796583 1539.921652 1612.666259 1742.000343 1756.939456 1857.315334 2257.088876 2440.326111 3041.788601 3093.671267 12683.55730 232453.2932 2342979.722
      sorted:	 74.68112963 74.88972383 75.24313675 75.67921355 76.30575450 76.95738841 77.63375047 78.98643595 79.67965076 80.53393752 81.41540892 82.25157610 82.99878090 83.69356896 84.43119876 85.20554735 85.97418777 86.71000374 87.39436107 87.85072359 88.02301219 88.57837720 89.10404086 89.62128922 90.12539298 90.60443915 91.04917744 91.39430203 91.70564566 91.90155820 92.08289656 92.35112548 92.61451729 92.86184966 93.09344525 93.31147520 93.51772473 93.71321533 93.89792478 94.07181102 94.23543535 94.38932489 95.07085131 96.38285597 96.38285597 96.38285597 96.38285597 96.38285597 96.38285597 96.38285597 96.38285597 96.38285597 96.38285597 98.31239366 101.4563104 107.5440267 108.6054755 113.6361880 113.8322560 115.9154965 118.0226583 121.3352423 123.5264399 129.0382521 130.3738258 131.9531097 133.3246231 136.5534662 137.2011604 137.6237447 141.5189086 142.2071350 142.7249568 144.4449861 145.9454575 149.9490437 151.6628761 152.1564034 157.5239430 157.8697469 158.4894000 160.7771473 164.4604596 165.5744702 165.7488779 167.3993770 172.6643111 176.1498672 178.2547812 178.3271913 180.6163469 183.7323929 187.0457005 190.2844480 193.8630958 194.5188999 201.3769130 203.6957179 208.7086814 210.3295091 225.5183595 236.2037283 248.2505961 251.8113607 254.4909053 272.9735892 280.3198075 280.9057018 294.7526947 302.3805187 308.4698987 335.3344681 350.7936160 367.6788038 375.7460081 410.2474805 440.6745329 469.5390111 506.2638645 549.4509770 561.1204469 636.1779760 655.5817853 679.4088719 887.1647264 933.7240001 1010.108140 1122.374621 1190.799549 1513.796583 1539.921652 1612.666259 1742.000343 1756.939456 1857.315334 2257.088876 2440.326111 3041.788601 3093.671267 12683.55730 232453.2932 2342979.722
