    unsorted:	 95.28999967 95.36757402 95.43959103 95.50664522 95.20669289 95.56894887 95.62707578 95.11737388 95.68121932 95.73177445 95.02156276 95.77935496 94.91865649 94.80795597 94.67754818 94.53557061 96.38285597 94.38946844 94.24184690 94.08266062 93.89965038 93.69178108 93.46112291 93.20809864 92.93165563 92.62924073 92.29570031 91.92221407 91.49696677 91.00735193 90.44708608 89.89253109 89.00806105 99.76947811 88.00682344 100.5578188 86.80725718 102.3730893 85.37236241 83.69189533 81.79972119 79.69229334 77.22433812 74.39571566 114.5758894 71.55807020 68.98870081 66.70347361 65.18790512 140.6552685 141.5689839 145.0323870 154.8298518 186.0309818 187.8995578 188.4298050 189.5337365 175.2223714 180.1733638 193.1568960 196.6313077 204.6831154 206.0018375 210.0484248 212.4638086 215.9224965 218.5418224 221.3041899 230.6572793 231.4307155 237.4787268 240.1016439 250.9497055 251.1038422 260.9526534 263.5910472 273.3902357 281.9510933 294.6263086 312.0533505 316.5757707 338.1787710 360.4369643 384.4445887 386.1769445 411.2841531 418.9820540 432.2700846 475.8998505 506.9201520 530.2425349 582.8258299 601.9936152 643.2393832 685.7107424 694.2537261 734.5560290 798.8900921 813.7631904 873.3189072 898.2462585 931.0046792 965.1137310 1207.042479 1330.494553 1474.500747 1521.782064 1725.259563 1782.682563 1950.459518 1958.549955 2164.359417 2366.253606 2438.996581 2735.395079 3327.463148 3411.382195 3442.049284 3940.830410 4483.800296 4666.002334 4967.534865 5285.137583 5657.564359 5951.366090 6827.919903 6896.685966 9066.689039 10193.10213 12705.77184 18202.82388 901700.2538 8920072.638
      sorted:	 65.18790512 66.70347361 68.98870081 71.55807020 74.39571566 77.22433812 79.69229334 81.79972119 83.69189533 85.37236241 86.80725718 88.00682344 89.00806105 89.89253109 90.44708608 91.00735193 91.49696677 91.92221407 92.29570031 92.62924073 92.93165563 93.20809864 93.46112291 93.69178108 93.89965038 94.08266062 94.24184690 94.38946844 94.53557061 94.67754818 94.80795597 94.91865649 95.02156276 95.11737388 95.20669289 95.28999967 95.36757402 95.43959103 95.50664522 95.56894887 95.62707578 95.68121932 95.73177445 95.77935496 96.38285597 99.76947811 100.5578188 102.3730893 114.5758894 140.6552685 141.5689839 145.0323870 154.8298518 175.2223714 180.1733638 186.0309818 187.8995578 188.4298050 189.5337365 193.1568960 196.6313077 204.6831154 206.0018375 210.0484248 212.4638086 215.9224965 218.5418224 221.3041899 230.6572793 231.4307155 237.4787268 240.1016439 250.9497055 251.1038422 260.9526534 263.5910472 273.3902357 281.9510933 294.6263086 312.0533505 316.5757707 338.1787710 360.4369643 384.4445887 386.1769445 411.2841531 418.9820540 432.2700846 475.8998505 506.9201520 530.2425349 582.8258299 601.9936152 643.2393832 685.7107424 694.2537261 734.5560290 798.8900921 813.7631904 873.3189072 898.2462585 931.0046792 965.1137310 1207.042479 1330.494553 1474.500747 1521.782064 1725.259563 1782.682563 1950.459518 1958.549955 2164.359417 2366.253606 2438.996581 2735.395079 3327.463148 3411.382195 3442.049284 3940.830410 4483.800296 4666.002334 4967.534865 5285.137583 5657.564359 5951.366090 6827.919903 6896.685966 9066.689039 10193.10213 12705.77184 18202.82388 901700.2538 8920072.638
