    unsorted:	 96.38285597 96.38285597 96.38285597 96.38285597 96.38285597 96.38285597 96.38285597 96.38285597 96.38285597 96.38285597 96.38319507 96.38321201 96.38317455 96.38315279 96.38323696 96.38313480 96.38312464 96.38327412 96.38326735 96.38307478 96.38333987 96.38304971 96.38342056 96.38294981 96.38351963 96.38366391 96.38363808 96.38385394 96.38407976 96.38431011 96.38427084 96.38454645 96.38251262 96.38480566 96.38510897 96.38549239 96.38596442 96.38648364 96.38672136 96.38709243 96.38102851 96.38761444 96.38819672 96.38891045 96.38972451 96.39040565 96.39096793 96.39175613 96.39253608 96.39321425 96.39391518 96.39368528 96.39400095 96.37417065 96.40850623 96.34977435 96.31594641 95.96715126 96.94232653 97.24265542 95.57094239 98.95502801 100.3583536 103.6161900 109.9497419 82.78564806 1.666903275 217.8091666 388.9756889 582.6258021 42490.43523 19571.95187 653967012.9
      sorted:	 1.666903275 82.78564806 95.57094239 95.96715126 96.31594641 96.34977435 96.37417065 96.38102851 96.38251262 96.38285597 96.38285597 96.38285597 96.38285597 96.38285597 96.38285597 96.38285597 96.38285597 96.38285597 96.38285597 96.38294981 96.38304971 96.38307478 96.38312464 96.38313480 96.38315279 96.38317455 96.38319507 96.38321201 96.38323696 96.38326735 96.38327412 96.38333987 96.38342056 96.38351963 96.38363808 96.38366391 96.38385394 96.38407976 96.38427084 96.38431011 96.38454645 96.38480566 96.38510897 96.38549239 96.38596442 96.38648364 96.38672136 96.38709243 96.38761444 96.38819672 96.38891045 96.38972451 96.39040565 96.39096793 96.39175613 96.39253608 96.39321425 96.39368528 96.39391518 96.39400095 96.40850623 96.94232653 97.24265542 98.95502801 100.3583536 103.6161900 109.9497419 217.8091666 388.9756889 582.6258021 19571.95187 42490.43523 653967012.9
