    unsorted:	 96.38285597 96.38285597 96.38285597 96.38285597 96.38285597 96.38285597 96.38285597 96.38285597 96.38285597 96.38285597 96.43576575 96.43609719 96.43660071 96.43724900 96.43470905 96.43421560 96.43797669 96.43342182 96.43263891 96.43216480 96.43138881 96.43075116 96.43033263 96.42987033 96.43871075 96.43963859 96.42896543 96.42871630 96.42796149 96.42730927 96.42688259 96.42702776 96.44017273 96.44125116 96.44163924 96.44274092 96.44311408 96.44408646 96.44454547 96.44529421 96.44583474 96.44634571 96.44689855 96.44724796 96.44772975 96.44801387 96.44836898 96.44858903 96.44881270 96.44886770 96.44895490 96.44909408 96.42533488 96.42374465 96.42293237 96.42164378 96.41994637 96.41827493 96.41668833 96.41511475 96.41347162 96.41177923 96.41008601 96.40842476 96.40681330 96.40525487 96.40368447 96.46913187 96.39370739 96.37258761 96.49927862 96.53722577 96.56764806 96.58858907 96.61315399 96.22377044 96.77347848 95.97420540 95.65560132 95.26762517 94.15683174 93.78929884 99.39071014 92.52722350 100.9598148 90.44384996 103.0555292 88.06159061 85.62152535 83.39937906 81.87413875 109.3770807 116.0731312 129.0409583 134.3993300 140.1476101 142.7047219 159.4644545 339.3903108 618.4380181 8634.530977 21618.87658 60216.67656
      sorted:	 81.87413875 83.39937906 85.62152535 88.06159061 90.44384996 92.52722350 93.78929884 94.15683174 95.26762517 95.65560132 95.97420540 96.22377044 96.37258761 96.38285597 96.38285597 96.38285597 96.38285597 96.38285597 96.38285597 96.38285597 96.38285597 96.38285597 96.38285597 96.39370739 96.40368447 96.40525487 96.40681330 96.40842476 96.41008601 96.41177923 96.41347162 96.41511475 96.41668833 96.41827493 96.41994637 96.42164378 96.42293237 96.42374465 96.42533488 96.42688259 96.42702776 96.42730927 96.42796149 96.42871630 96.42896543 96.42987033 96.43033263 96.43075116 96.43138881 96.43216480 96.43263891 96.43342182 96.43421560 96.43470905 96.43576575 96.43609719 96.43660071 96.43724900 96.43797669 96.43871075 96.43963859 96.44017273 96.44125116 96.44163924 96.44274092 96.44311408 96.44408646 96.44454547 96.44529421 96.44583474 96.44634571 96.44689855 96.44724796 96.44772975 96.44801387 96.44836898 96.44858903 96.44881270 96.44886770 96.44895490 96.44909408 96.46913187 96.49927862 96.53722577 96.56764806 96.58858907 96.61315399 96.77347848 99.39071014 100.9598148 103.0555292 109.3770807 116.0731312 129.0409583 134.3993300 140.1476101 142.7047219 159.4644545 339.3903108 618.4380181 8634.530977 21618.87658 60216.67656
