    unsorted:	 96.38285597 96.38285597 96.38285597 96.38285597 96.38285597 96.38285597 96.38285597 96.38285597 96.38285597 96.38285597 95.95593338 95.95653666 95.95540635 95.95525110 95.95764688 95.95900406 95.96072974 95.96292563 95.96516116 95.96814015 95.97087259 95.97467868 95.97771546 95.98202620 95.98550495 95.99573071 96.00187868 96.00782197 96.01245934 96.01986885 96.02688016 96.03258161 96.04006142 96.04802704 96.05472939 96.06152826 96.06965172 96.07760736 96.08422174 96.09146679 96.10000129 96.10657089 96.11051237 96.11851485 96.12417097 96.13128631 96.14028670 96.14810902 96.15431246 96.16278467 96.17130380 96.17300230 96.18077143 96.18537415 96.19273398 96.19542401 96.20207764 96.21084321 96.21937975 96.22772223 96.23593376 96.24401404 96.25192800 96.25965881 96.26728005 96.28408307 95.83777677 95.66748188 95.61570068 96.60172705 95.39218361 95.22085369 95.10017866 94.95512922 97.11183187 94.66249078 97.36259574 94.47415899 94.28752943 94.13236973 94.05062174 98.07786805 98.67851019 93.02455205 101.1524848 101.9833929 103.1763221 104.2669990 106.7833806 107.4747653 87.53544532 108.5461238 109.2605939 110.9563370 112.7146122 113.4558150 115.3863237 119.6555186 71.88468418 126.5961566 132.5503858 147.7739243 155.1837051 199.1507156 236.1439354 332.8266661 392.5449502 678.5610213 879.9886574 19262.99112 36189.17643 163313.8612
      sorted:	 71.88468418 87.53544532 93.02455205 94.05062174 94.13236973 94.28752943 94.47415899 94.66249078 94.95512922 95.10017866 95.22085369 95.39218361 95.61570068 95.66748188 95.83777677 95.95525110 95.95540635 95.95593338 95.95653666 95.95764688 95.95900406 95.96072974 95.96292563 95.96516116 95.96814015 95.97087259 95.97467868 95.97771546 95.98202620 95.98550495 95.99573071 96.00187868 96.00782197 96.01245934 96.01986885 96.02688016 96.03258161 96.04006142 96.04802704 96.05472939 96.06152826 96.06965172 96.07760736 96.08422174 96.09146679 96.10000129 96.10657089 96.11051237 96.11851485 96.12417097 96.13128631 96.14028670 96.14810902 96.15431246 96.16278467 96.17130380 96.17300230 96.18077143 96.18537415 96.19273398 96.19542401 96.20207764 96.21084321 96.21937975 96.22772223 96.23593376 96.24401404 96.25192800 96.25965881 96.26728005 96.28408307 96.38285597 96.38285597 96.38285597 96.38285597 96.38285597 96.38285597 96.38285597 96.38285597 96.38285597 96.38285597 96.60172705 97.11183187 97.36259574 98.07786805 98.67851019 101.1524848 101.9833929 103.1763221 104.2669990 106.7833806 107.4747653 108.5461238 109.2605939 110.9563370 112.7146122 113.4558150 115.3863237 119.6555186 126.5961566 132.5503858 147.7739243 155.1837051 199.1507156 236.1439354 332.8266661 392.5449502 678.5610213 879.9886574 19262.99112 36189.17643 163313.8612
