    unsorted:	 96.38285597 96.38285597 96.38285597 96.38285597 96.38285597 96.38285597 96.38285597 96.38285597 96.38285597 96.38285597 96.24864466 96.24721188 96.24608142 96.24515907 96.25023501 96.24335886 96.24232246 96.25235653 96.24049726 96.25480040 96.23805527 96.26005250 96.26298624 96.26611081 96.26939454 96.27274550 96.27608686 96.23487834 96.27933525 96.28233768 96.28502600 96.28782818 96.29093552 96.29382454 96.29511186 96.29802271 96.30147115 96.30499005 96.23137984 96.30852529 96.22905031 96.31204903 96.31553892 96.31897538 96.32234098 96.32562036 96.22427509 96.32880025 96.33186993 96.33482178 96.33765185 96.34036014 96.34295233 96.21786999 96.21703005 96.34544986 96.34807747 96.21097157 96.20557313 96.20421268 96.19913991 96.36432527 96.45913428 96.07437241 96.57630704 96.54880102 96.70216185 96.81246502 96.83299270 96.91083073 96.93316207 95.40210413 94.97762451 94.53617149 93.48090581 99.17063432 99.70318480 92.20421741 90.79493295 89.43875773 102.8329321 89.05589481 88.12660579 103.7178030 86.84163486 85.79998807 84.98715761 84.47409391 106.5448262 110.1848202 114.3768323 116.3640891 116.7232693 118.2230862 120.8830466 122.5877698 123.1774101 127.1215774 132.2577411 138.7841544 148.3972306 160.8698444 195.7988756 204.4788532 247.9401482 337.9624936 500.7713480 842.7414467 1185.614206 19250.83495 32894.07401 163722.4499
      sorted:	 84.47409391 84.98715761 85.79998807 86.84163486 88.12660579 89.05589481 89.43875773 90.79493295 92.20421741 93.48090581 94.53617149 94.97762451 95.40210413 96.07437241 96.19913991 96.20421268 96.20557313 96.21097157 96.21703005 96.21786999 96.22427509 96.22905031 96.23137984 96.23487834 96.23805527 96.24049726 96.24232246 96.24335886 96.24515907 96.24608142 96.24721188 96.24864466 96.25023501 96.25235653 96.25480040 96.26005250 96.26298624 96.26611081 96.26939454 96.27274550 96.27608686 96.27933525 96.28233768 96.28502600 96.28782818 96.29093552 96.29382454 96.29511186 96.29802271 96.30147115 96.30499005 96.30852529 96.31204903 96.31553892 96.31897538 96.32234098 96.32562036 96.32880025 96.33186993 96.33482178 96.33765185 96.34036014 96.34295233 96.34544986 96.34807747 96.36432527 96.38285597 96.38285597 96.38285597 96.38285597 96.38285597 96.38285597 96.38285597 96.38285597 96.38285597 96.38285597 96.45913428 96.54880102 96.57630704 96.70216185 96.81246502 96.83299270 96.91083073 96.93316207 99.17063432 99.70318480 102.8329321 103.7178030 106.5448262 110.1848202 114.3768323 116.3640891 116.7232693 118.2230862 120.8830466 122.5877698 123.1774101 127.1215774 132.2577411 138.7841544 148.3972306 160.8698444 195.7988756 204.4788532 247.9401482 337.9624936 500.7713480 842.7414467 1185.614206 19250.83495 32894.07401 163722.4499
