    unsorted:	 96.38285597 96.38285597 96.38285597 96.38285597 96.38285597 96.38285597 96.38285597 96.38285597 96.38285597 96.38285597 96.43329314 96.43136583 96.43524056 96.42937966 96.42723064 96.42492230 96.42581486 96.42268945 96.43727435 96.42045425 96.41816934 96.43936697 96.41591188 96.44160194 96.44408231 96.41368375 96.41114402 96.44677433 96.44944312 96.45166674 96.45300465 96.45451956 96.45572201 96.45671146 96.45720327 96.45741912 96.40714762 96.40547892 96.40437209 96.40199684 96.40088304 96.39860006 96.39692594 96.39558578 96.38846990 96.38625991 96.38080538 96.35151065 96.32254340 96.32493385 96.30674214 96.54436307 96.62520730 96.66128270 96.76731058 95.98950632 97.01462142 95.66675287 97.54600557 95.16519463 94.48731925 93.74754037 99.54164685 92.23964784 102.7722460 111.9049393 115.3629383 73.00415025 156.2426927 242.3050412 4669.068503 44030.34535 15604747.35
      sorted:	 73.00415025 92.23964784 93.74754037 94.48731925 95.16519463 95.66675287 95.98950632 96.30674214 96.32254340 96.32493385 96.35151065 96.38080538 96.38285597 96.38285597 96.38285597 96.38285597 96.38285597 96.38285597 96.38285597 96.38285597 96.38285597 96.38285597 96.38625991 96.38846990 96.39558578 96.39692594 96.39860006 96.40088304 96.40199684 96.40437209 96.40547892 96.40714762 96.41114402 96.41368375 96.41591188 96.41816934 96.42045425 96.42268945 96.42492230 96.42581486 96.42723064 96.42937966 96.43136583 96.43329314 96.43524056 96.43727435 96.43936697 96.44160194 96.44408231 96.44677433 96.44944312 96.45166674 96.45300465 96.45451956 96.45572201 96.45671146 96.45720327 96.45741912 96.54436307 96.62520730 96.66128270 96.76731058 97.01462142 97.54600557 99.54164685 102.7722460 111.9049393 115.3629383 156.2426927 242.3050412 4669.068503 44030.34535 15604747.35
