    unsorted:	 96.38285597 96.38285597 96.38285597 96.38285597 96.38285597 96.38285597 96.38285597 96.38285597 96.38285597 96.38285597 96.28299985 96.27655015 96.27617072 96.27759565 96.28316686 96.27201578 96.26938611 96.26524054 96.26685656 96.26069832 96.26122394 96.25427134 96.25572004 96.25324657 96.25033982 96.28854401 96.28937870 96.29361269 96.29507124 96.29659441 96.29954821 96.30179567 96.30450560 96.24600114 96.24499225 96.30732647 96.30930239 96.31233641 96.31323786 96.31479158 96.31735353 96.31885904 96.23992899 96.23861598 96.32163193 96.32307887 96.23461495 96.23196309 96.22944386 96.32625501 96.32576823 96.32933621 96.22577969 96.22440211 96.21940706 96.22033214 96.21566565 96.21447537 96.21149496 96.20978953 96.20772578 96.20542181 96.20425279 96.33098538 96.33216464 96.20196746 96.20064136 96.19928363 96.19766921 96.19656052 96.19433212 96.19307331 96.19314131 96.34811465 96.38286197 96.35517154 96.17506708 96.38175846 96.54757202 96.73582797 96.90874214 95.62122030 97.48718765 94.95787388 98.11047171 98.34670631 94.56326486 99.27897171 100.0530011 100.3335047 100.7619386 92.15598354 91.36708019 88.37865707 106.1435292 117.8632945 119.8448077 157.2236582 28.99773443 251.6006024 4110.908902 21641.60112 259799.0790
      sorted:	 28.99773443 88.37865707 91.36708019 92.15598354 94.56326486 94.95787388 95.62122030 96.17506708 96.19307331 96.19314131 96.19433212 96.19656052 96.19766921 96.19928363 96.20064136 96.20196746 96.20425279 96.20542181 96.20772578 96.20978953 96.21149496 96.21447537 96.21566565 96.21940706 96.22033214 96.22440211 96.22577969 96.22944386 96.23196309 96.23461495 96.23861598 96.23992899 96.24499225 96.24600114 96.25033982 96.25324657 96.25427134 96.25572004 96.26069832 96.26122394 96.26524054 96.26685656 96.26938611 96.27201578 96.27617072 96.27655015 96.27759565 96.28299985 96.28316686 96.28854401 96.28937870 96.29361269 96.29507124 96.29659441 96.29954821 96.30179567 96.30450560 96.30732647 96.30930239 96.31233641 96.31323786 96.31479158 96.31735353 96.31885904 96.32163193 96.32307887 96.32576823 96.32625501 96.32933621 96.33098538 96.33216464 96.34811465 96.35517154 96.38175846 96.38285597 96.38285597 96.38285597 96.38285597 96.38285597 96.38285597 96.38285597 96.38285597 96.38285597 96.38285597 96.38286197 96.54757202 96.73582797 96.90874214 97.48718765 98.11047171 98.34670631 99.27897171 100.0530011 100.3335047 100.7619386 106.1435292 117.8632945 119.8448077 157.2236582 251.6006024 4110.908902 21641.60112 259799.0790
