    unsorted:	 96.38285597 96.38285597 96.38285597 96.38285597 96.38285597 96.38285597 96.38285597 96.38285597 96.38285597 96.38285597 96.43191692 96.43224109 96.43276084 96.43331590 96.43349979 96.43145901 96.43099502 96.43406445 96.43072440 96.43057801 96.43044413 96.43469219 96.43528735 96.43594245 96.43646017 96.43664547 96.43739584 96.43802927 96.43884199 96.43943832 96.42929482 96.44019640 96.44082247 96.44118717 96.44161086 96.44232373 96.44263568 96.44361815 96.44357705 96.44448181 96.44475428 96.44537703 96.44568935 96.44616166 96.44639532 96.44704414 96.44711869 96.44678768 96.44721990 96.44757250 96.44786954 96.42784166 96.42636020 96.42506247 96.42397021 96.42259200 96.45110030 96.42100880 96.41933359 96.41760555 96.41585513 96.41410875 96.41238877 96.45614806 96.41071466 96.40910517 96.40758068 96.40615905 96.40483122 96.45930441 96.40353174 96.38286011 96.38286048 96.40099189 96.39214001 96.36894848 96.50673058 96.34656032 96.29040272 96.12196398 95.84909981 95.68281228 95.44493672 94.88359140 94.15181687 98.73598014 93.29718520 93.04994018 92.42237961 91.62510327 91.47160181 90.86979985 90.41316058 101.6354336 103.6919212 108.6739041 110.2693999 132.2142403 177.3686307 2.414662771 3077.666771 21642.57031 10691.79495
      sorted:	 2.414662771 90.41316058 90.86979985 91.47160181 91.62510327 92.42237961 93.04994018 93.29718520 94.15181687 94.88359140 95.44493672 95.68281228 95.84909981 96.12196398 96.29040272 96.34656032 96.36894848 96.38285597 96.38285597 96.38285597 96.38285597 96.38285597 96.38285597 96.38285597 96.38285597 96.38285597 96.38285597 96.38286011 96.38286048 96.39214001 96.40099189 96.40353174 96.40483122 96.40615905 96.40758068 96.40910517 96.41071466 96.41238877 96.41410875 96.41585513 96.41760555 96.41933359 96.42100880 96.42259200 96.42397021 96.42506247 96.42636020 96.42784166 96.42929482 96.43044413 96.43057801 96.43072440 96.43099502 96.43145901 96.43191692 96.43224109 96.43276084 96.43331590 96.43349979 96.43406445 96.43469219 96.43528735 96.43594245 96.43646017 96.43664547 96.43739584 96.43802927 96.43884199 96.43943832 96.44019640 96.44082247 96.44118717 96.44161086 96.44232373 96.44263568 96.44357705 96.44361815 96.44448181 96.44475428 96.44537703 96.44568935 96.44616166 96.44639532 96.44678768 96.44704414 96.44711869 96.44721990 96.44757250 96.44786954 96.45110030 96.45614806 96.45930441 96.50673058 98.73598014 101.6354336 103.6919212 108.6739041 110.2693999 132.2142403 177.3686307 3077.666771 10691.79495 21642.57031
