    unsorted:	 96.38285597 96.38285597 96.38285597 96.38285597 96.38285597 96.38285597 96.38285597 96.38285597 96.38285597 96.38285597 96.42037757 96.42172522 96.41869777 96.42377724 96.42638486 96.42899692 96.41635408 96.43003432 96.43216219 96.41516288 96.43529342 96.43903896 96.41011410 96.44476985 96.45190409 96.40210560 96.45922672 96.38802401 96.47537331 96.49328691 96.50078561 96.52087653 96.35377578 96.34470519 96.55507187 96.59529174 96.62894432 96.63680159 96.67768510 96.69422676 96.72597887 96.77884770 96.84708670 96.93214223 97.02898251 96.00232202 97.12611479 97.22086869 97.32424419 97.43784301 97.51026769 95.75761863 97.62758912 97.78278735 97.93395381 98.06836960 98.18167194 98.25917346 98.30469086 98.34267019 98.35690837 94.94961588 91.98534451 83.36944730 109.0067211 74.76328045 145.6806310 184.2601640 12.11360660 240.7913337 331.4132778 8318.318281 41072.37305 545450590.5
      sorted:	 12.11360660 74.76328045 83.36944730 91.98534451 94.94961588 95.75761863 96.00232202 96.34470519 96.35377578 96.38285597 96.38285597 96.38285597 96.38285597 96.38285597 96.38285597 96.38285597 96.38285597 96.38285597 96.38285597 96.38802401 96.40210560 96.41011410 96.41516288 96.41635408 96.41869777 96.42037757 96.42172522 96.42377724 96.42638486 96.42899692 96.43003432 96.43216219 96.43529342 96.43903896 96.44476985 96.45190409 96.45922672 96.47537331 96.49328691 96.50078561 96.52087653 96.55507187 96.59529174 96.62894432 96.63680159 96.67768510 96.69422676 96.72597887 96.77884770 96.84708670 96.93214223 97.02898251 97.12611479 97.22086869 97.32424419 97.43784301 97.51026769 97.62758912 97.78278735 97.93395381 98.06836960 98.18167194 98.25917346 98.30469086 98.34267019 98.35690837 109.0067211 145.6806310 184.2601640 240.7913337 331.4132778 8318.318281 41072.37305 545450590.5
