    unsorted:	 96.38285597 96.38285597 96.38285597 96.38285597 96.38285597 96.38285597 96.38285597 96.38285597 96.38285597 96.38285597 96.32246741 96.33240675 96.31057285 96.34071164 96.29633997 96.27931126 96.25894098 96.23457852 96.20544929 96.17063225 96.12903415 96.07935986 96.02007829 95.94938316 95.86514652 95.76486177 95.64557022 95.50376491 95.33526829 95.13509180 94.89730872 94.61499988 94.28035684 93.88510279 93.42174400 92.89008467 92.38508584 92.14500336 91.60327350 91.44433600 90.78418721 89.90100981 99.40172534 88.88197130 87.71604664 86.39957851 84.97610036 83.57341859 82.05045891 80.06251014 77.63700761 108.6865590 74.91777442 72.25018391 69.89379446 67.30666877 65.02926259 63.66314372 118.2975168 146.2524733 186.3881765 244.9837998 332.4790726 456.9755531 453.9310407 447.5546966 444.6987754 472.2706342 529.3333444 552.8420970 573.4014327 622.7489414 713.6927971 739.5761637 799.0871136 796.8428386 778.8425804 832.5452917 914.4133151 901.8218917 898.1066378 927.5715850 1023.390966 1050.925701 1064.552134 1145.386002 1156.007669 1220.934561 1273.095598 1369.169941 1464.544927 1516.820637 1641.370283 1655.370145 1711.294241 1846.209488 1857.313462 2004.946303 2019.439548 2166.128706 2161.845593 2212.760255 2311.878021 2354.257005 2446.490478 2541.919841 2857.500104 2969.878782 3006.163881 3032.395254 3164.322147 3250.486927 3259.689493 3419.904244 3524.458712 3705.501164 3817.609440 3946.104609 4148.721825 5110.500808 5130.135450 5347.285493 5329.164288 5262.850346 5399.061999 5545.359197 5583.156002 5689.696048 6013.392195 6053.601101 6109.547122 6590.993190 7541.387337 7905.206435 8451.776728 9698.615905 10120.40500 12423.80567 15106.03396 30948.02932 1136840.261 739759678.1
      sorted:	 63.66314372 65.02926259 67.30666877 69.89379446 72.25018391 74.91777442 77.63700761 80.06251014 82.05045891 83.57341859 84.97610036 86.39957851 87.71604664 88.88197130 89.90100981 90.78418721 91.44433600 91.60327350 92.14500336 92.38508584 92.89008467 93.42174400 93.88510279 94.28035684 94.61499988 94.89730872 95.13509180 95.33526829 95.50376491 95.64557022 95.76486177 95.86514652 95.94938316 96.02007829 96.07935986 96.12903415 96.17063225 96.20544929 96.23457852 96.25894098 96.27931126 96.29633997 96.31057285 96.32246741 96.33240675 96.34071164 96.38285597 96.38285597 96.38285597 96.38285597 96.38285597 96.38285597 96.38285597 96.38285597 96.38285597 96.38285597 99.40172534 108.6865590 118.2975168 146.2524733 186.3881765 244.9837998 332.4790726 444.6987754 447.5546966 453.9310407 456.9755531 472.2706342 529.3333444 552.8420970 573.4014327 622.7489414 713.6927971 739.5761637 778.8425804 796.8428386 799.0871136 832.5452917 898.1066378 901.8218917 914.4133151 927.5715850 1023.390966 1050.925701 1064.552134 1145.386002 1156.007669 1220.934561 1273.095598 1369.169941 1464.544927 1516.820637 1641.370283 1655.370145 1711.294241 1846.209488 1857.313462 2004.946303 2019.439548 2161.845593 2166.128706 2212.760255 2311.878021 2354.257005 2446.490478 2541.919841 2857.500104 2969.878782 3006.163881 3032.395254 3164.322147 3250.486927 3259.689493 3419.904244 3524.458712 3705.501164 3817.609440 3946.104609 4148.721825 5110.500808 5130.135450 5262.850346 5329.164288 5347.285493 5399.061999 5545.359197 5583.156002 5689.696048 6013.392195 6053.601101 6109.547122 6590.993190 7541.387337 7905.206435 8451.776728 9698.615905 10120.40500 12423.80567 15106.03396 30948.02932 1136840.261 739759678.1
