    unsorted:	 96.38285597 96.38285597 96.38285597 96.38285597 96.38285597 96.38285597 96.38285597 96.38285597 96.38285597 96.38285597 95.26475919 95.28292496 95.24658987 95.22905502 95.30402302 95.21072129 95.19048085 95.33065876 95.16820233 95.35850338 95.14370507 95.38641760 95.11753934 95.41756111 95.09056194 95.45413917 95.06377031 95.03808971 95.48991995 95.51695099 95.01430759 94.99074487 94.96971158 94.95132062 94.94687706 95.56041070 95.61259942 95.67241496 95.73224395 95.77119339 95.80045525 95.83793222 95.86317154 95.90092592 95.94791264 95.95778388 96.06130734 96.02463856 96.00712639 96.04369611 96.06639124 96.07291998 96.10179791 96.16915386 96.24259154 94.62321967 96.57412868 96.72831333 97.25316677 98.84147539 101.6997521 88.44862884 112.1306662 127.9667501 135.1805619 144.1909420 146.3845717 156.9643033 178.9675380 209.2569527 239.7121555 349.5368459 472.3517080 1228.003959 11093.60959 37197.95341 624697.1010
      sorted:	 88.44862884 94.62321967 94.94687706 94.95132062 94.96971158 94.99074487 95.01430759 95.03808971 95.06377031 95.09056194 95.11753934 95.14370507 95.16820233 95.19048085 95.21072129 95.22905502 95.24658987 95.26475919 95.28292496 95.30402302 95.33065876 95.35850338 95.38641760 95.41756111 95.45413917 95.48991995 95.51695099 95.56041070 95.61259942 95.67241496 95.73224395 95.77119339 95.80045525 95.83793222 95.86317154 95.90092592 95.94791264 95.95778388 96.00712639 96.02463856 96.04369611 96.06130734 96.06639124 96.07291998 96.10179791 96.16915386 96.24259154 96.38285597 96.38285597 96.38285597 96.38285597 96.38285597 96.38285597 96.38285597 96.38285597 96.38285597 96.38285597 96.57412868 96.72831333 97.25316677 98.84147539 101.6997521 112.1306662 127.9667501 135.1805619 144.1909420 146.3845717 156.9643033 178.9675380 209.2569527 239.7121555 349.5368459 472.3517080 1228.003959 11093.60959 37197.95341 624697.1010
