    unsorted:	 96.38285597 96.38285597 96.38285597 96.38285597 96.38285597 96.38285597 96.38285597 96.38285597 96.38285597 96.38285597 96.61441032 96.61410479 96.61503451 96.61520248 96.61614962 96.61743775 96.61885691 96.62048761 96.62096053 96.62230443 96.62386366 96.62476306 96.62628655 96.62870207 96.62925589 96.63057935 96.63337950 96.63372403 96.63507191 96.63614983 96.61108310 96.63798206 96.64110448 96.64329749 96.64540998 96.64851559 96.64958825 96.60629856 96.65240576 96.65404348 96.65549492 96.65852078 96.65787566 96.66026521 96.66117928 96.66224084 96.66288050 96.66335019 96.66453594 96.66411722 96.59971055 96.59327494 96.58787421 96.58294632 96.57836753 96.57362735 96.56741320 96.56058888 96.55354867 96.54649035 96.53970596 96.53336606 96.52696440 96.52008201 96.51292604 96.50575168 96.49870773 96.49189494 96.48613815 96.48491236 96.47895900 96.47300923 96.46726056 96.45220900 96.32677105 96.07853344 96.06716615 95.92187057 95.52676798 94.80467629 93.73933795 99.33598918 92.25409566 90.27003328 101.6671192 87.71044141 84.61926450 81.38871286 110.7981771 78.55510411 114.5893088 76.38278814 120.4291418 133.6906920 140.3386989 145.3145002 175.4219325 222.1192509 244.4830404 445.1067340 1442.441661 14631.69236 21231.72272 64652.05902
      sorted:	 76.38278814 78.55510411 81.38871286 84.61926450 87.71044141 90.27003328 92.25409566 93.73933795 94.80467629 95.52676798 95.92187057 96.06716615 96.07853344 96.32677105 96.38285597 96.38285597 96.38285597 96.38285597 96.38285597 96.38285597 96.38285597 96.38285597 96.38285597 96.38285597 96.45220900 96.46726056 96.47300923 96.47895900 96.48491236 96.48613815 96.49189494 96.49870773 96.50575168 96.51292604 96.52008201 96.52696440 96.53336606 96.53970596 96.54649035 96.55354867 96.56058888 96.56741320 96.57362735 96.57836753 96.58294632 96.58787421 96.59327494 96.59971055 96.60629856 96.61108310 96.61410479 96.61441032 96.61503451 96.61520248 96.61614962 96.61743775 96.61885691 96.62048761 96.62096053 96.62230443 96.62386366 96.62476306 96.62628655 96.62870207 96.62925589 96.63057935 96.63337950 96.63372403 96.63507191 96.63614983 96.63798206 96.64110448 96.64329749 96.64540998 96.64851559 96.64958825 96.65240576 96.65404348 96.65549492 96.65787566 96.65852078 96.66026521 96.66117928 96.66224084 96.66288050 96.66335019 96.66411722 96.66453594 99.33598918 101.6671192 110.7981771 114.5893088 120.4291418 133.6906920 140.3386989 145.3145002 175.4219325 222.1192509 244.4830404 445.1067340 1442.441661 14631.69236 21231.72272 64652.05902
