    unsorted:	 65.62253182 63.35826512 60.38432428 67.71934393 56.92694961 53.21287860 49.64047528 46.12871547 41.75973692 36.87859354 32.42909100 80.46904098 27.50604292 22.10506934 17.83125558 97.19553809 11.08286481 6.185249485 114.3454745 128.5488546 133.1208185 154.5436288 144.1730456 239.5108591 244.1324065 237.4370385 253.3637805 258.4523344 271.5950604 317.4732795 314.7882113 352.6324767 353.5881931 364.1229581 416.1129283 415.5237555 407.2353190 395.6146857 425.5262735 431.3740526 434.9957101 446.1665637 471.9930260 483.1689528 498.9205579 530.9442245 549.2836132 611.5200885 608.8834208 592.2297348 618.0890112 656.3109183 686.8877191 723.5263347 789.7357389 801.9368012 831.3955823 842.5075986 850.9876113 868.6297831 892.1126873 975.4289748 1037.096428 1042.916574 1065.134171 1202.523413 1228.421474 1272.278291 1307.202976 1439.361477 1448.090513 1539.949650 1567.935237 1639.720987 1669.779525 1774.674101 1855.544589 2001.387078 2059.708356 2323.458653 2337.595153 2525.135627 2556.068355 2952.209435 3097.710014 3284.498216 3463.265163 3585.907273 3729.896538 3835.513532 3944.674580 4378.170612 4645.934050 4630.430306 4823.421938 5153.661169 5573.429448 6097.508874 6544.982665 8632.563751 8621.722936 9077.115405 10064.63440 10575.61180 11429.12986 11577.36631 11938.86763 12620.82712 12856.75572 14205.94092 14680.05776 15506.16703 15890.93716 16514.62285 17403.49206 18184.81084 19182.11252 22635.62750 22961.09626 26174.93866 26838.64463 28506.52742 29485.45091 30893.57167 33938.07479 36825.91789 45016.70025 55323.62176 616258.9492 96.38285597
      sorted:	 6.185249485 11.08286481 17.83125558 22.10506934 27.50604292 32.42909100 36.87859354 41.75973692 46.12871547 49.64047528 53.21287860 56.92694961 60.38432428 63.35826512 65.62253182 67.71934393 80.46904098 96.38285597 97.19553809 114.3454745 128.5488546 133.1208185 144.1730456 154.5436288 237.4370385 239.5108591 244.1324065 253.3637805 258.4523344 271.5950604 314.7882113 317.4732795 352.6324767 353.5881931 364.1229581 395.6146857 407.2353190 415.5237555 416.1129283 425.5262735 431.3740526 434.9957101 446.1665637 471.9930260 483.1689528 498.9205579 530.9442245 549.2836132 592.2297348 608.8834208 611.5200885 618.0890112 656.3109183 686.8877191 723.5263347 789.7357389 801.9368012 831.3955823 842.5075986 850.9876113 868.6297831 892.1126873 975.4289748 1037.096428 1042.916574 1065.134171 1202.523413 1228.421474 1272.278291 1307.202976 1439.361477 1448.090513 1539.949650 1567.935237 1639.720987 1669.779525 1774.674101 1855.544589 2001.387078 2059.708356 2323.458653 2337.595153 2525.135627 2556.068355 2952.209435 3097.710014 3284.498216 3463.265163 3585.907273 3729.896538 3835.513532 3944.674580 4378.170612 4630.430306 4645.934050 4823.421938 5153.661169 5573.429448 6097.508874 6544.982665 8621.722936 8632.563751 9077.115405 10064.63440 10575.61180 11429.12986 11577.36631 11938.86763 12620.82712 12856.75572 14205.94092 14680.05776 15506.16703 15890.93716 16514.62285 17403.49206 18184.81084 19182.11252 22635.62750 22961.09626 26174.93866 26838.64463 28506.52742 29485.45091 30893.57167 33938.07479 36825.91789 45016.70025 55323.62176 616258.9492
