    unsorted:	 96.38285597 96.38285597 96.38285597 96.38285597 96.38285597 96.38285597 96.38285597 96.38285597 96.38285597 96.38285597 94.31562668 94.36160780 94.40148040 94.43537124 94.47045459 94.26517246 94.20865679 94.51673127 94.14448275 94.58578782 94.07946878 94.00513166 94.64029443 93.92933659 93.84655370 94.72446497 94.74151801 94.81675046 93.79550713 93.71598302 93.62480419 94.90453011 94.96706958 93.53607609 93.52742404 93.43806749 95.05521972 95.08293972 93.34449960 93.24829951 93.15528318 93.06434839 92.97864729 92.89987148 92.82888846 92.76782858 92.71619370 92.67526543 92.64728573 92.62804565 92.62937638 95.20540784 95.57114798 96.25260910 91.63950002 97.68832431 90.19688608 89.74663485 100.2286648 88.29336755 101.2964476 103.1009882 118.1498962 121.4705678 141.8361971 164.4616164 160.1122338 174.7344987 171.3155068 181.4199723 185.6226623 201.5022690 208.0857240 212.5643779 236.8458898 247.4911007 257.1419852 307.1526875 334.8146832 361.5980177 507.9848711 549.8723977 625.2739344 660.0347082 851.5440893 1261.165094 1388.363346 1649.800086 1797.647699 26059.90019 93577.12883 1931358.280
      sorted:	 88.29336755 89.74663485 90.19688608 91.63950002 92.62804565 92.62937638 92.64728573 92.67526543 92.71619370 92.76782858 92.82888846 92.89987148 92.97864729 93.06434839 93.15528318 93.24829951 93.34449960 93.43806749 93.52742404 93.53607609 93.62480419 93.71598302 93.79550713 93.84655370 93.92933659 94.00513166 94.07946878 94.14448275 94.20865679 94.26517246 94.31562668 94.36160780 94.40148040 94.43537124 94.47045459 94.51673127 94.58578782 94.64029443 94.72446497 94.74151801 94.81675046 94.90453011 94.96706958 95.05521972 95.08293972 95.20540784 95.57114798 96.25260910 96.38285597 96.38285597 96.38285597 96.38285597 96.38285597 96.38285597 96.38285597 96.38285597 96.38285597 96.38285597 97.68832431 100.2286648 101.2964476 103.1009882 118.1498962 121.4705678 141.8361971 160.1122338 164.4616164 171.3155068 174.7344987 181.4199723 185.6226623 201.5022690 208.0857240 212.5643779 236.8458898 247.4911007 257.1419852 307.1526875 334.8146832 361.5980177 507.9848711 549.8723977 625.2739344 660.0347082 851.5440893 1261.165094 1388.363346 1649.800086 1797.647699 26059.90019 93577.12883 1931358.280
