    unsorted:	 96.38285597 96.38285597 96.38285597 96.38285597 96.38285597 96.38285597 96.38285597 96.38285597 96.38285597 96.38285597 252.2907728 252.4223361 252.5101139 252.1588254 252.9193988 252.7795614 253.0985884 253.6361596 250.7159922 249.0935347 247.8702678 246.2919026 243.6124938 237.8354791 230.3793815 229.7504313 225.7698534 221.0651757 274.3653368 284.7465041 283.2723290 290.8834670 289.9039745 300.0444588 301.0632845 302.8289131 209.8277883 208.2396704 315.4685706 316.6808652 318.8346813 320.5924115 323.9964653 196.1268295 185.7878712 179.7061058 343.1697893 172.4143440 354.6585311 359.0442028 159.4721806 154.5885302 144.9989733 134.8193938 132.6564213 385.4663496 120.9698410 114.2378659 402.1918639 107.3439637 412.5274608 416.9093529 425.4786124 438.6011899 440.7503228 459.6649216 484.1734243 486.7607488 502.6834217 516.8639230 68.68551007 528.5241648 555.7052404 560.0236040 567.4061904 574.2681247 682.8475802 685.4147246 694.3487121 716.7762945 725.0448747 825.4379459 909.5277942 936.5586834 954.5631340 986.4210805 1022.683071 1075.199195 1135.658491 1236.902102 1303.716832 1316.931425 1405.676925 1476.880441 1683.678499 1805.415204 1828.913554 1879.869967 1930.975915 2029.060990 2128.072068 2229.774989 2293.416058 2456.865000 2573.678427 2713.321169 2759.091768 2915.538612 3344.480137 3707.170611 3834.592758 4086.861638 4160.667550 5012.314900 5301.556170 5533.884122 6342.311427 6380.748518 7868.578201 7734.015963 8375.639361 8667.881554 9558.174926 9948.626680 10487.37029 12218.49917 12438.63811 13168.04913 14392.21821 15019.99127 15235.15529 17948.90881 18071.04327 19679.36601 20800.90152 23628.81125 25170.76206 30744.87299 39483.23320 42870.98766 762846.8539 25298239.58
      sorted:	 68.68551007 96.38285597 96.38285597 96.38285597 96.38285597 96.38285597 96.38285597 96.38285597 96.38285597 96.38285597 96.38285597 107.3439637 114.2378659 120.9698410 132.6564213 134.8193938 144.9989733 154.5885302 159.4721806 172.4143440 179.7061058 185.7878712 196.1268295 208.2396704 209.8277883 221.0651757 225.7698534 229.7504313 230.3793815 237.8354791 243.6124938 246.2919026 247.8702678 249.0935347 250.7159922 252.1588254 252.2907728 252.4223361 252.5101139 252.7795614 252.9193988 253.0985884 253.6361596 274.3653368 283.2723290 284.7465041 289.9039745 290.8834670 300.0444588 301.0632845 302.8289131 315.4685706 316.6808652 318.8346813 320.5924115 323.9964653 343.1697893 354.6585311 359.0442028 385.4663496 402.1918639 412.5274608 416.9093529 425.4786124 438.6011899 440.7503228 459.6649216 484.1734243 486.7607488 502.6834217 516.8639230 528.5241648 555.7052404 560.0236040 567.4061904 574.2681247 682.8475802 685.4147246 694.3487121 716.7762945 725.0448747 825.4379459 909.5277942 936.5586834 954.5631340 986.4210805 1022.683071 1075.199195 1135.658491 1236.902102 1303.716832 1316.931425 1405.676925 1476.880441 1683.678499 1805.415204 1828.913554 1879.869967 1930.975915 2029.060990 2128.072068 2229.774989 2293.416058 2456.865000 2573.678427 2713.321169 2759.091768 2915.538612 3344.480137 3707.170611 3834.592758 4086.861638 4160.667550 5012.314900 5301.556170 5533.884122 6342.311427 6380.748518 7734.015963 7868.578201 8375.639361 8667.881554 9558.174926 9948.626680 10487.37029 12218.49917 12438.63811 13168.04913 14392.21821 15019.99127 15235.15529 17948.90881 18071.04327 19679.36601 20800.90152 23628.81125 25170.76206 30744.87299 39483.23320 42870.98766 762846.8539 25298239.58
