    unsorted:	 96.38285597 96.38285597 96.38285597 96.38285597 96.38285597 96.38285597 96.38285597 96.38285597 96.38285597 96.38285597 96.75941937 96.75839575 96.75466970 96.75509458 96.76212752 96.76364802 96.76581001 96.76725060 96.76895560 96.77005674 96.77147483 96.77209162 96.77268462 96.75107215 96.74942641 96.74587401 96.74367325 96.73980422 96.73748335 96.73289888 96.73151617 96.72682330 96.72505362 96.72027551 96.71641643 96.71191594 96.70725925 96.70326816 96.69918356 96.69746214 96.69205622 96.68856501 96.68414261 96.68127656 96.67976927 96.67676877 96.67289816 96.78829062 96.66467006 96.65606342 96.64711805 96.63802796 96.62963695 96.62609257 96.61866303 96.60925628 96.59944436 96.82632123 96.58939666 96.57924911 96.56908640 96.55885171 96.54424629 96.88515371 96.98550821 96.43407859 96.40656236 97.11144887 97.24230071 96.15487701 97.31562496 96.12008314 97.42589987 97.53559166 97.58940924 97.63947208 95.83832927 98.58126782 94.67126809 94.25259203 93.04199243 90.98888712 88.54657870 85.77223053 82.73086069 107.5532674 79.56851554 76.53357841 73.81651943 112.6956249 71.64696760 70.25373726 121.6047808 122.5622543 134.2918708 137.6408393 169.4784014 263.3433846 393.9196650 656.3199408 6381.286403 22415.11016 15690.54287
      sorted:	 70.25373726 71.64696760 73.81651943 76.53357841 79.56851554 82.73086069 85.77223053 88.54657870 90.98888712 93.04199243 94.25259203 94.67126809 95.83832927 96.12008314 96.15487701 96.38285597 96.38285597 96.38285597 96.38285597 96.38285597 96.38285597 96.38285597 96.38285597 96.38285597 96.38285597 96.40656236 96.43407859 96.54424629 96.55885171 96.56908640 96.57924911 96.58939666 96.59944436 96.60925628 96.61866303 96.62609257 96.62963695 96.63802796 96.64711805 96.65606342 96.66467006 96.67289816 96.67676877 96.67976927 96.68127656 96.68414261 96.68856501 96.69205622 96.69746214 96.69918356 96.70326816 96.70725925 96.71191594 96.71641643 96.72027551 96.72505362 96.72682330 96.73151617 96.73289888 96.73748335 96.73980422 96.74367325 96.74587401 96.74942641 96.75107215 96.75466970 96.75509458 96.75839575 96.75941937 96.76212752 96.76364802 96.76581001 96.76725060 96.76895560 96.77005674 96.77147483 96.77209162 96.77268462 96.78829062 96.82632123 96.88515371 96.98550821 97.11144887 97.24230071 97.31562496 97.42589987 97.53559166 97.58940924 97.63947208 98.58126782 107.5532674 112.6956249 121.6047808 122.5622543 134.2918708 137.6408393 169.4784014 263.3433846 393.9196650 656.3199408 6381.286403 15690.54287 22415.11016
