    unsorted:	 53.54049398 54.92997740 52.09531667 50.96579659 50.13846831 49.60524296 56.93562003 59.18859153 61.34463385 63.49186109 65.72809593 67.80378509 69.07195418 75.19561353 82.71630583 91.11412099 100.7766673 112.5309111 125.3638401 130.3661729 24.98429067 152.5699965 141.1092197 181.1427403 190.5930492 201.5929422 232.7455313 227.0024290 256.5904448 260.5777422 264.0066582 294.5018473 289.0393837 297.6810151 330.4742537 340.2501192 366.3977605 364.2275177 375.0675357 377.0311446 380.7139521 402.3686614 412.8109859 421.1726321 472.0600648 510.1391658 517.1961332 546.7244673 535.7555315 565.4111837 586.3751775 659.1446789 693.6724882 731.6506943 768.2186714 786.0083741 820.9685356 873.8529093 931.5513069 940.3774430 967.6163791 997.4430253 1010.162269 1044.106184 1082.643935 1162.532876 1214.270727 1282.374317 1345.814320 1445.050547 1475.966017 1556.147469 1588.168928 1605.926834 1674.322723 1753.623811 1950.786087 1980.565002 2158.392949 2402.561130 2489.139894 2542.470556 2798.726777 3015.244295 3136.821373 3301.732051 3514.550121 3662.648879 3848.759820 4263.742251 4483.674172 4650.489546 4817.915607 5098.959390 5577.379652 6033.772205 6506.632958 6542.938160 8717.348877 8992.067013 9153.363872 9635.687811 10164.82451 10889.44344 11529.85467 12114.25522 12044.02602 12612.86630 13403.59917 14214.31674 15083.95902 16183.44336 16383.46033 17713.89949 18198.50461 18674.91214 20423.92672 23692.68711 25339.80512 26834.74437 28963.21503 29644.98497 31055.99720 32904.32909 38123.74075 39095.03627 50294.72993 68543.40238 1112039.534 96.38285597
      sorted:	 24.98429067 49.60524296 50.13846831 50.96579659 52.09531667 53.54049398 54.92997740 56.93562003 59.18859153 61.34463385 63.49186109 65.72809593 67.80378509 69.07195418 75.19561353 82.71630583 91.11412099 96.38285597 100.7766673 112.5309111 125.3638401 130.3661729 141.1092197 152.5699965 181.1427403 190.5930492 201.5929422 227.0024290 232.7455313 256.5904448 260.5777422 264.0066582 289.0393837 294.5018473 297.6810151 330.4742537 340.2501192 364.2275177 366.3977605 375.0675357 377.0311446 380.7139521 402.3686614 412.8109859 421.1726321 472.0600648 510.1391658 517.1961332 535.7555315 546.7244673 565.4111837 586.3751775 659.1446789 693.6724882 731.6506943 768.2186714 786.0083741 820.9685356 873.8529093 931.5513069 940.3774430 967.6163791 997.4430253 1010.162269 1044.106184 1082.643935 1162.532876 1214.270727 1282.374317 1345.814320 1445.050547 1475.966017 1556.147469 1588.168928 1605.926834 1674.322723 1753.623811 1950.786087 1980.565002 2158.392949 2402.561130 2489.139894 2542.470556 2798.726777 3015.244295 3136.821373 3301.732051 3514.550121 3662.648879 3848.759820 4263.742251 4483.674172 4650.489546 4817.915607 5098.959390 5577.379652 6033.772205 6506.632958 6542.938160 8717.348877 8992.067013 9153.363872 9635.687811 10164.82451 10889.44344 11529.85467 12044.02602 12114.25522 12612.86630 13403.59917 14214.31674 15083.95902 16183.44336 16383.46033 17713.89949 18198.50461 18674.91214 20423.92672 23692.68711 25339.80512 26834.74437 28963.21503 29644.98497 31055.99720 32904.32909 38123.74075 39095.03627 50294.72993 68543.40238 1112039.534
