    unsorted:	 96.38285597 96.38285597 96.38285597 96.38285597 96.38285597 96.38285597 96.38285597 96.38285597 96.38285597 96.38285597 96.05419103 96.05766520 96.04714572 96.04618171 96.06301940 96.06948929 96.03991161 96.03555914 96.07412908 96.08128748 96.02871378 96.02277374 96.01899415 96.01332763 96.08744709 96.09382702 96.10188734 96.10764444 96.11193753 96.11841870 96.12351364 96.00760569 96.12991497 96.13559084 96.14226984 96.14431550 96.14925176 96.15207709 95.99867720 95.99209552 95.98641940 95.98446314 95.98120766 95.97995773 95.97782418 95.97681834 95.97569974 95.97512056 96.16025187 95.96849621 96.16993150 96.17994713 96.19001421 96.19997926 96.20974536 96.21924721 96.22844180 96.23730515 96.24583225 96.25404596 96.26205384 95.91962205 96.27228686 95.88892552 96.31025409 96.32795977 95.85518174 95.82715258 95.75631557 96.67382288 95.53281925 97.02089713 97.15423134 97.60690431 97.92653495 98.06977828 98.27818293 94.40536358 98.60646244 99.04433813 93.41324487 100.7975172 90.79443008 103.3795422 104.4076714 87.92508410 84.93610178 108.3342760 82.03423661 80.03371502 114.9782530 117.4822584 121.3734089 73.85657464 125.8641564 127.5303947 130.1533736 67.37527151 134.0645999 145.7263256 150.3703631 162.4045011 176.8120076 215.5990857 293.8036148 366.1748246 445.7121757 700.5139963 886.4848301 19244.91895 44931.83905 956555.2545
      sorted:	 67.37527151 73.85657464 80.03371502 82.03423661 84.93610178 87.92508410 90.79443008 93.41324487 94.40536358 95.53281925 95.75631557 95.82715258 95.85518174 95.88892552 95.91962205 95.96849621 95.97512056 95.97569974 95.97681834 95.97782418 95.97995773 95.98120766 95.98446314 95.98641940 95.99209552 95.99867720 96.00760569 96.01332763 96.01899415 96.02277374 96.02871378 96.03555914 96.03991161 96.04618171 96.04714572 96.05419103 96.05766520 96.06301940 96.06948929 96.07412908 96.08128748 96.08744709 96.09382702 96.10188734 96.10764444 96.11193753 96.11841870 96.12351364 96.12991497 96.13559084 96.14226984 96.14431550 96.14925176 96.15207709 96.16025187 96.16993150 96.17994713 96.19001421 96.19997926 96.20974536 96.21924721 96.22844180 96.23730515 96.24583225 96.25404596 96.26205384 96.27228686 96.31025409 96.32795977 96.38285597 96.38285597 96.38285597 96.38285597 96.38285597 96.38285597 96.38285597 96.38285597 96.38285597 96.38285597 96.67382288 97.02089713 97.15423134 97.60690431 97.92653495 98.06977828 98.27818293 98.60646244 99.04433813 100.7975172 103.3795422 104.4076714 108.3342760 114.9782530 117.4822584 121.3734089 125.8641564 127.5303947 130.1533736 134.0645999 145.7263256 150.3703631 162.4045011 176.8120076 215.5990857 293.8036148 366.1748246 445.7121757 700.5139963 886.4848301 19244.91895 44931.83905 956555.2545
