    unsorted:	 96.38285597 96.38285597 96.38285597 96.38285597 96.38285597 96.38285597 96.38285597 96.38285597 96.38285597 96.38285597 96.41514154 96.41197195 96.41874757 96.40891990 96.42235659 96.40492738 96.42645635 96.43085723 96.40014732 96.43542246 96.39300884 96.44170647 96.38614798 96.44993949 96.37900432 96.45966668 96.36898273 96.36410636 96.47145415 96.48661068 96.50555461 96.57466403 96.61822038 96.64230323 96.66591178 96.71450407 96.21106067 96.76690039 96.82518485 96.89557077 96.10120003 96.98037267 97.08058104 97.19140750 97.30231164 97.41550195 97.54232913 97.68048437 97.74922615 97.87890818 98.05914025 98.23814315 98.39696210 98.53031077 98.61594471 98.68942770 98.75574454 98.81279252 98.86101469 98.90033255 98.91501769 94.71336026 99.38528400 99.69786713 103.3067952 81.45936484 125.3685336 163.2834511 205.7360353 252.3806462 296.8088083 356.0028770 547.9838951 1183.185986 11690.60602 37187.10017 820781120.7
      sorted:	 81.45936484 94.71336026 96.10120003 96.21106067 96.36410636 96.36898273 96.37900432 96.38285597 96.38285597 96.38285597 96.38285597 96.38285597 96.38285597 96.38285597 96.38285597 96.38285597 96.38285597 96.38614798 96.39300884 96.40014732 96.40492738 96.40891990 96.41197195 96.41514154 96.41874757 96.42235659 96.42645635 96.43085723 96.43542246 96.44170647 96.44993949 96.45966668 96.47145415 96.48661068 96.50555461 96.57466403 96.61822038 96.64230323 96.66591178 96.71450407 96.76690039 96.82518485 96.89557077 96.98037267 97.08058104 97.19140750 97.30231164 97.41550195 97.54232913 97.68048437 97.74922615 97.87890818 98.05914025 98.23814315 98.39696210 98.53031077 98.61594471 98.68942770 98.75574454 98.81279252 98.86101469 98.90033255 98.91501769 99.38528400 99.69786713 103.3067952 125.3685336 163.2834511 205.7360353 252.3806462 296.8088083 356.0028770 547.9838951 1183.185986 11690.60602 37187.10017 820781120.7
