    unsorted:	 95.18162987 95.08863972 95.26823163 95.34864203 94.98853273 95.42354862 94.88120959 95.49315961 94.76640497 95.55789144 94.64357885 95.61800288 94.51206641 94.37159944 94.19097044 93.99540330 93.78418004 93.55621993 93.31000233 93.04426862 92.75792441 92.44951880 92.11715059 91.75781818 91.36589873 90.93204037 90.44416160 97.14950544 89.89025678 89.26673964 88.64407731 98.98834045 99.04766601 87.65451647 86.56687827 85.28327216 83.77219626 82.03508603 104.5914458 80.10422153 77.92282851 75.33770303 112.6413173 72.42303433 69.55655639 66.91615484 64.56064917 63.01711109 138.6819297 143.0333413 151.1375580 153.3665711 185.1723327 183.6644439 189.7995786 190.9206347 193.0917754 196.4760631 173.7010563 199.5137839 203.0873437 211.3092396 210.1768560 212.1534454 216.5167197 217.8981225 225.2615284 229.6070543 231.9196187 236.0724567 241.8051834 249.9471164 257.5942596 259.5419056 265.9580992 271.8763162 281.0887655 299.1616115 314.3243617 318.2430523 337.2127184 364.3418004 384.2245046 387.1402837 411.9038609 423.1255218 431.2042805 474.8525396 505.2926185 542.0100267 581.6754504 605.0303507 641.7306793 692.9236749 690.3645559 738.6043105 798.4878945 817.4287194 872.8848744 905.7965915 932.9605852 968.2803079 1206.153604 1329.073187 1481.958836 1528.928719 1730.251708 1784.741769 1962.419512 2022.172141 2183.706084 2423.468722 2472.534903 2954.063658 3340.278053 3452.357335 3489.391328 3974.262781 4568.065977 4712.363842 5021.523560 5329.120075 5848.824675 6062.034882 6865.848156 6999.988671 9224.422725 10401.72071 12706.20396 8828470.426 96.38285597 96.38285597 96.38285597 96.38285597 96.38285597 96.38285597 96.38285597 96.38285597 96.38285597 96.38285597
      sorted:	 63.01711109 64.56064917 66.91615484 69.55655639 72.42303433 75.33770303 77.92282851 80.10422153 82.03508603 83.77219626 85.28327216 86.56687827 87.65451647 88.64407731 89.26673964 89.89025678 90.44416160 90.93204037 91.36589873 91.75781818 92.11715059 92.44951880 92.75792441 93.04426862 93.31000233 93.55621993 93.78418004 93.99540330 94.19097044 94.37159944 94.51206641 94.64357885 94.76640497 94.88120959 94.98853273 95.08863972 95.18162987 95.26823163 95.34864203 95.42354862 95.49315961 95.55789144 95.61800288 96.38285597 96.38285597 96.38285597 96.38285597 96.38285597 96.38285597 96.38285597 96.38285597 96.38285597 96.38285597 97.14950544 98.98834045 99.04766601 104.5914458 112.6413173 138.6819297 143.0333413 151.1375580 153.3665711 173.7010563 183.6644439 185.1723327 189.7995786 190.9206347 193.0917754 196.4760631 199.5137839 203.0873437 210.1768560 211.3092396 212.1534454 216.5167197 217.8981225 225.2615284 229.6070543 231.9196187 236.0724567 241.8051834 249.9471164 257.5942596 259.5419056 265.9580992 271.8763162 281.0887655 299.1616115 314.3243617 318.2430523 337.2127184 364.3418004 384.2245046 387.1402837 411.9038609 423.1255218 431.2042805 474.8525396 505.2926185 542.0100267 581.6754504 605.0303507 641.7306793 690.3645559 692.9236749 738.6043105 798.4878945 817.4287194 872.8848744 905.7965915 932.9605852 968.2803079 1206.153604 1329.073187 1481.958836 1528.928719 1730.251708 1784.741769 1962.419512 2022.172141 2183.706084 2423.468722 2472.534903 2954.063658 3340.278053 3452.357335 3489.391328 3974.262781 4568.065977 4712.363842 5021.523560 5329.120075 5848.824675 6062.034882 6865.848156 6999.988671 9224.422725 10401.72071 12706.20396 8828470.426
