    unsorted:	 96.38285597 96.38285597 96.38285597 96.38285597 96.38285597 96.38285597 96.38285597 96.38285597 96.38285597 96.38285597 96.47298462 96.47381685 96.47354736 96.47331789 96.47430261 96.47444960 96.47264985 96.47492436 96.47472763 96.47504936 96.47241740 96.47526390 96.47215551 96.47194887 96.47589600 96.47613596 96.47076440 96.47019422 96.46877774 96.46715649 96.46591311 96.46430858 96.46220494 96.45995726 96.45767221 96.45549352 96.45381593 96.45214029 96.44991034 96.44750197 96.44503959 96.44255965 96.44009346 96.43772411 96.43582388 96.43430707 96.43215864 96.42979045 96.42740572 96.42504268 96.42285440 96.42227431 96.40962601 96.38165174 96.51113749 96.53888009 96.35327358 96.34734915 96.32311494 96.30994673 96.30249659 96.28539510 96.66549416 96.80770012 96.85737855 96.10111830 96.95607283 96.96581436 97.03483943 97.06347936 95.93301654 95.69848344 97.26861470 95.12102925 97.83947174 94.91235094 94.66270110 94.44902053 93.94714922 99.13021219 93.40558045 92.93756678 92.61792355 92.39311627 100.9322364 101.8148325 102.8477808 89.19137204 104.6015034 111.3729216 80.65563437 118.8161759 124.0325532 138.3227833 141.5904697 158.8493580 42.75126491 176.1613063 319.5352071 429.7485532 638.9069671 22020.49446 50113.26938 2651355.383
      sorted:	 42.75126491 80.65563437 89.19137204 92.39311627 92.61792355 92.93756678 93.40558045 93.94714922 94.44902053 94.66270110 94.91235094 95.12102925 95.69848344 95.93301654 96.10111830 96.28539510 96.30249659 96.30994673 96.32311494 96.34734915 96.35327358 96.38165174 96.38285597 96.38285597 96.38285597 96.38285597 96.38285597 96.38285597 96.38285597 96.38285597 96.38285597 96.38285597 96.40962601 96.42227431 96.42285440 96.42504268 96.42740572 96.42979045 96.43215864 96.43430707 96.43582388 96.43772411 96.44009346 96.44255965 96.44503959 96.44750197 96.44991034 96.45214029 96.45381593 96.45549352 96.45767221 96.45995726 96.46220494 96.46430858 96.46591311 96.46715649 96.46877774 96.47019422 96.47076440 96.47194887 96.47215551 96.47241740 96.47264985 96.47298462 96.47331789 96.47354736 96.47381685 96.47430261 96.47444960 96.47472763 96.47492436 96.47504936 96.47526390 96.47589600 96.47613596 96.51113749 96.53888009 96.66549416 96.80770012 96.85737855 96.95607283 96.96581436 97.03483943 97.06347936 97.26861470 97.83947174 99.13021219 100.9322364 101.8148325 102.8477808 104.6015034 111.3729216 118.8161759 124.0325532 138.3227833 141.5904697 158.8493580 176.1613063 319.5352071 429.7485532 638.9069671 22020.49446 50113.26938 2651355.383
