    unsorted:	 96.38285597 96.38285597 96.38285597 96.38285597 96.38285597 96.38285597 96.38285597 96.38285597 96.38285597 96.38285597 95.10728556 95.15502258 95.18215945 95.23019614 95.25652212 95.30372260 95.33428002 95.37807227 95.40947681 95.45088624 95.02199328 95.50378800 94.92884029 95.56331630 94.82891864 94.72260821 95.62491471 94.60997399 94.49095780 95.70969493 94.36546722 94.23341942 94.09477347 93.94956349 93.79793786 93.64020901 93.47693578 93.30909878 93.13920616 92.92874971 92.99772671 92.62449972 92.42710649 92.25020865 92.07603788 91.90534603 91.75610975 91.66040959 91.51878983 91.35007421 91.18405498 91.03795877 90.93318853 90.81455005 90.68338625 90.50205719 90.58790945 90.41831612 90.35434199 90.28853585 90.22643693 90.16378356 90.09911221 90.03592642 89.97185221 89.91081895 89.85092055 89.79535764 89.74155482 89.69191094 89.64296868 89.59684296 89.55164528 89.51065419 89.47577639 89.45094795 89.43458429 89.43225056 97.89971717 99.09100173 103.1783034 106.4639096 108.4804546 81.50226362 113.3180224 114.1234776 117.6152605 119.4563834 121.9791869 123.1863521 124.7818247 133.5002782 137.1983509 153.1488211 221.9711053 304.7520516 335.6747356 346.6947369 436.4896080 453.8498934 472.4154481 546.8803134 598.9953148 614.7622285 654.5303344 815.5206553 1078.695933 1137.119263 1569.536390 1676.755566 1765.416500 2203.787380 2752.353976 3262.462449 3829.894213 4216.725991 4829.548368 5619.360994 8924.181405 16200.62781 266704.6096 1946418.455
      sorted:	 81.50226362 89.43225056 89.43458429 89.45094795 89.47577639 89.51065419 89.55164528 89.59684296 89.64296868 89.69191094 89.74155482 89.79535764 89.85092055 89.91081895 89.97185221 90.03592642 90.09911221 90.16378356 90.22643693 90.28853585 90.35434199 90.41831612 90.50205719 90.58790945 90.68338625 90.81455005 90.93318853 91.03795877 91.18405498 91.35007421 91.51878983 91.66040959 91.75610975 91.90534603 92.07603788 92.25020865 92.42710649 92.62449972 92.92874971 92.99772671 93.13920616 93.30909878 93.47693578 93.64020901 93.79793786 93.94956349 94.09477347 94.23341942 94.36546722 94.49095780 94.60997399 94.72260821 94.82891864 94.92884029 95.02199328 95.10728556 95.15502258 95.18215945 95.23019614 95.25652212 95.30372260 95.33428002 95.37807227 95.40947681 95.45088624 95.50378800 95.56331630 95.62491471 95.70969493 96.38285597 96.38285597 96.38285597 96.38285597 96.38285597 96.38285597 96.38285597 96.38285597 96.38285597 96.38285597 97.89971717 99.09100173 103.1783034 106.4639096 108.4804546 113.3180224 114.1234776 117.6152605 119.4563834 121.9791869 123.1863521 124.7818247 133.5002782 137.1983509 153.1488211 221.9711053 304.7520516 335.6747356 346.6947369 436.4896080 453.8498934 472.4154481 546.8803134 598.9953148 614.7622285 654.5303344 815.5206553 1078.695933 1137.119263 1569.536390 1676.755566 1765.416500 2203.787380 2752.353976 3262.462449 3829.894213 4216.725991 4829.548368 5619.360994 8924.181405 16200.62781 266704.6096 1946418.455
