    unsorted:	 96.38285597 96.38285597 96.38285597 96.38285597 96.38285597 96.38285597 96.38285597 96.38285597 96.38285597 96.38285597 250.7580939 250.7537246 251.3946398 251.2768603 251.4971451 251.5209860 251.1377117 250.2451585 249.9065849 249.6045587 248.8297637 248.1900591 247.9175990 246.8672198 245.6777332 244.7997596 244.3432737 238.0831272 233.3938263 269.9503305 224.7541582 286.2428171 299.0844492 199.1742218 193.1355559 327.0373723 158.3275150 359.2323783 364.6781205 366.6091881 370.6704352 105.4734846 116.8940759 400.2638298 402.3618078 419.0290581 78.04152176 36.16888629 36.00368529 40.32322323 41.82941480 45.97373039 52.11438942 30.15255992 27.53518929 453.5401443 484.0984621 610.9966904 652.5329809 740.4302914 831.7955320 843.5493744 851.3943311 935.1144181 964.2092789 1145.274958 1184.096740 1302.037417 1491.009981 1511.773351 1724.690720 1849.725108 1891.113262 1927.679358 2173.604677 2177.410990 2293.613956 2340.058181 2477.575001 2579.455149 2616.529864 2748.202508 2825.535216 3508.328496 3657.995565 3942.939166 4104.540551 4226.370374 4470.788983 4568.547563 4792.364552 4964.432753 5202.229444 5406.217957 5657.415381 6180.791922 6163.673669 6130.213714 6872.707247 7100.403841 7671.793275 8183.038750 8580.772940 8721.211078 9248.767961 9895.764211 10488.40884 10623.86403 11300.17810 12079.89487 12302.83216 12605.89086 13195.22873 13295.97628 13548.92205 14345.09329 15023.42493 15475.02717 16848.34418 17471.70645 18260.56030 19525.40861 21074.95535 24281.80572 24783.78344 26293.44517 28242.77978 27833.55949 29019.73332 29991.95735 32430.52871 35208.72456 35679.51317 37541.43369 40235.94047 40873.42964 41431.05065 44721.75552 54698.70243 171067.9748 7026333.792 2533654361.
      sorted:	 27.53518929 30.15255992 36.00368529 36.16888629 40.32322323 41.82941480 45.97373039 52.11438942 78.04152176 96.38285597 96.38285597 96.38285597 96.38285597 96.38285597 96.38285597 96.38285597 96.38285597 96.38285597 96.38285597 105.4734846 116.8940759 158.3275150 193.1355559 199.1742218 224.7541582 233.3938263 238.0831272 244.3432737 244.7997596 245.6777332 246.8672198 247.9175990 248.1900591 248.8297637 249.6045587 249.9065849 250.2451585 250.7537246 250.7580939 251.1377117 251.2768603 251.3946398 251.4971451 251.5209860 269.9503305 286.2428171 299.0844492 327.0373723 359.2323783 364.6781205 366.6091881 370.6704352 400.2638298 402.3618078 419.0290581 453.5401443 484.0984621 610.9966904 652.5329809 740.4302914 831.7955320 843.5493744 851.3943311 935.1144181 964.2092789 1145.274958 1184.096740 1302.037417 1491.009981 1511.773351 1724.690720 1849.725108 1891.113262 1927.679358 2173.604677 2177.410990 2293.613956 2340.058181 2477.575001 2579.455149 2616.529864 2748.202508 2825.535216 3508.328496 3657.995565 3942.939166 4104.540551 4226.370374 4470.788983 4568.547563 4792.364552 4964.432753 5202.229444 5406.217957 5657.415381 6130.213714 6163.673669 6180.791922 6872.707247 7100.403841 7671.793275 8183.038750 8580.772940 8721.211078 9248.767961 9895.764211 10488.40884 10623.86403 11300.17810 12079.89487 12302.83216 12605.89086 13195.22873 13295.97628 13548.92205 14345.09329 15023.42493 15475.02717 16848.34418 17471.70645 18260.56030 19525.40861 21074.95535 24281.80572 24783.78344 26293.44517 27833.55949 28242.77978 29019.73332 29991.95735 32430.52871 35208.72456 35679.51317 37541.43369 40235.94047 40873.42964 41431.05065 44721.75552 54698.70243 171067.9748 7026333.792 2533654361.
