    unsorted:	 96.38285597 96.38285597 96.38285597 96.38285597 96.38285597 96.38285597 96.38285597 96.38285597 96.38285597 96.38285597 96.85297095 96.85161834 96.86230927 96.82972636 96.83890706 96.87651745 96.88593431 96.90061250 96.89610790 96.91026666 96.92484867 96.81610973 96.80685851 96.79443192 96.79399483 96.78484842 96.77422160 96.93537945 96.76415585 96.75603985 96.75072455 96.74419504 96.73823975 96.72983017 96.72265146 96.72103757 96.71595783 96.71234266 96.94892746 96.95645970 96.96154748 96.97321503 96.98767315 96.70494142 96.99762523 97.01261987 97.02212759 97.02094797 97.03611690 97.04509600 97.05026499 97.05831843 97.06741876 97.07925871 97.08823251 96.69060609 97.09879120 97.10713784 97.11678677 97.12418006 97.13328974 97.13986214 97.14824821 97.15431502 97.16096302 97.16647378 97.17130537 97.17612841 97.17995499 97.18089769 97.18277537 97.18419425 96.67442132 96.65738401 96.64058379 96.59408793 96.51854380 96.38102046 96.44537493 95.78161990 95.36788299 98.31786326 93.61318244 93.41354722 90.76101762 102.9491612 86.68437109 81.27921621 113.4356760 116.9803207 74.62686414 67.22233118 128.9748102 59.94235919 54.18723048 54.39540651 169.8000368 287.6960229 402.6162684 610.4541906 8400.583341 21630.79960 192826.9958
      sorted:	 54.18723048 54.39540651 59.94235919 67.22233118 74.62686414 81.27921621 86.68437109 90.76101762 93.41354722 93.61318244 95.36788299 95.78161990 96.38102046 96.38285597 96.38285597 96.38285597 96.38285597 96.38285597 96.38285597 96.38285597 96.38285597 96.38285597 96.38285597 96.44537493 96.51854380 96.59408793 96.64058379 96.65738401 96.67442132 96.69060609 96.70494142 96.71234266 96.71595783 96.72103757 96.72265146 96.72983017 96.73823975 96.74419504 96.75072455 96.75603985 96.76415585 96.77422160 96.78484842 96.79399483 96.79443192 96.80685851 96.81610973 96.82972636 96.83890706 96.85161834 96.85297095 96.86230927 96.87651745 96.88593431 96.89610790 96.90061250 96.91026666 96.92484867 96.93537945 96.94892746 96.95645970 96.96154748 96.97321503 96.98767315 96.99762523 97.01261987 97.02094797 97.02212759 97.03611690 97.04509600 97.05026499 97.05831843 97.06741876 97.07925871 97.08823251 97.09879120 97.10713784 97.11678677 97.12418006 97.13328974 97.13986214 97.14824821 97.15431502 97.16096302 97.16647378 97.17130537 97.17612841 97.17995499 97.18089769 97.18277537 97.18419425 98.31786326 102.9491612 113.4356760 116.9803207 128.9748102 169.8000368 287.6960229 402.6162684 610.4541906 8400.583341 21630.79960 192826.9958
