    unsorted:	 96.38285597 96.38285597 96.38285597 96.38285597 96.38285597 96.38285597 96.38285597 96.38285597 96.38285597 96.38285597 102.6389239 102.6091550 102.7225175 102.4929162 102.9745900 102.2348511 103.1945173 103.3811527 101.9423591 101.7195521 101.6248455 101.3325556 101.0194115 100.7292446 100.5444320 100.4163400 100.2003762 100.0397138 103.7842180 99.81909752 99.56933852 99.33937391 99.05973389 99.04902712 99.12386047 104.1969883 98.82540289 104.6046471 104.8087507 105.0043531 105.3859426 105.6589833 105.7414347 106.0597353 106.3307499 106.3926257 106.5439170 106.6363858 106.6813095 106.7250547 97.23318193 108.3745900 95.27276581 94.92482035 111.6120845 92.11457261 90.44209403 89.82731172 115.0658759 88.76277808 88.50555156 120.1773871 120.2466987 120.5515370 121.7481866 122.4719379 122.8052680 125.1275515 84.79091360 128.1074955 130.0301237 130.5729461 131.6185155 134.1136130 134.1917669 80.10824646 79.40707892 136.0662408 138.6635995 140.2187728 143.6984845 144.3469552 143.1832372 74.74321849 73.61021149 147.2953718 71.78906475 149.5295763 68.84415600 152.7812812 153.8235116 156.3010076 65.54989155 62.53669158 62.51832928 163.5142850 163.4253248 164.7401008 56.22317478 173.9156784 176.5535972 51.32012445 178.8356882 181.0784354 188.1040515 193.5048306 196.8329986 217.4357313 223.5831769 223.7783070 238.5503819 243.6618305 255.3270198 282.2846378 286.0934281 300.2983131 341.3785168 363.3258889 395.9659053 404.0339507 427.0526334 436.4249098 499.9321693 612.4910245 641.0982088 735.5603685 816.2536096 856.1012219 902.1192659 1045.068183 1086.994393 1169.664269 1277.765444 1376.073765 1494.672998 2387.036772 2709.946681 3189.710949 9633.746823 13022.10193 339323.1586 1923205.011
      sorted:	 51.32012445 56.22317478 62.51832928 62.53669158 65.54989155 68.84415600 71.78906475 73.61021149 74.74321849 79.40707892 80.10824646 84.79091360 88.50555156 88.76277808 89.82731172 90.44209403 92.11457261 94.92482035 95.27276581 96.38285597 96.38285597 96.38285597 96.38285597 96.38285597 96.38285597 96.38285597 96.38285597 96.38285597 96.38285597 97.23318193 98.82540289 99.04902712 99.05973389 99.12386047 99.33937391 99.56933852 99.81909752 100.0397138 100.2003762 100.4163400 100.5444320 100.7292446 101.0194115 101.3325556 101.6248455 101.7195521 101.9423591 102.2348511 102.4929162 102.6091550 102.6389239 102.7225175 102.9745900 103.1945173 103.3811527 103.7842180 104.1969883 104.6046471 104.8087507 105.0043531 105.3859426 105.6589833 105.7414347 106.0597353 106.3307499 106.3926257 106.5439170 106.6363858 106.6813095 106.7250547 108.3745900 111.6120845 115.0658759 120.1773871 120.2466987 120.5515370 121.7481866 122.4719379 122.8052680 125.1275515 128.1074955 130.0301237 130.5729461 131.6185155 134.1136130 134.1917669 136.0662408 138.6635995 140.2187728 143.1832372 143.6984845 144.3469552 147.2953718 149.5295763 152.7812812 153.8235116 156.3010076 163.4253248 163.5142850 164.7401008 173.9156784 176.5535972 178.8356882 181.0784354 188.1040515 193.5048306 196.8329986 217.4357313 223.5831769 223.7783070 238.5503819 243.6618305 255.3270198 282.2846378 286.0934281 300.2983131 341.3785168 363.3258889 395.9659053 404.0339507 427.0526334 436.4249098 499.9321693 612.4910245 641.0982088 735.5603685 816.2536096 856.1012219 902.1192659 1045.068183 1086.994393 1169.664269 1277.765444 1376.073765 1494.672998 2387.036772 2709.946681 3189.710949 9633.746823 13022.10193 339323.1586 1923205.011
