    unsorted:	 96.38285597 96.38285597 96.38285597 96.38285597 96.38285597 96.38285597 96.38285597 96.38285597 96.38285597 96.38285597 95.46452106 95.48713837 95.51002165 95.53298924 95.55520991 95.44295190 95.57728674 95.41945354 95.60339691 95.63098638 95.39365184 95.64781809 95.66108990 95.69004497 95.72084787 95.36741462 95.34044357 95.31502939 95.29045710 95.29315608 95.26710204 95.24510855 95.75873996 95.22501745 95.20888516 95.20394654 95.80478319 95.84008958 95.87207453 95.92353842 95.97226014 96.02434714 96.08879644 96.14774717 96.18266381 96.19478690 96.23145143 96.29790412 96.30838766 96.31648817 96.32296125 96.32574934 96.28249702 96.26050581 96.33896489 96.36338306 96.54213956 94.51400466 96.89664874 93.83665550 92.96002161 98.38421813 99.84506574 114.0585000 129.7442826 165.4497373 285.0615124 365.2628168 479.6786728 629.7005552 750.5447405 1168.848864 1535.755304 5706.053528 37241.87215 57654.89893 269588001.8
      sorted:	 92.96002161 93.83665550 94.51400466 95.20394654 95.20888516 95.22501745 95.24510855 95.26710204 95.29045710 95.29315608 95.31502939 95.34044357 95.36741462 95.39365184 95.41945354 95.44295190 95.46452106 95.48713837 95.51002165 95.53298924 95.55520991 95.57728674 95.60339691 95.63098638 95.64781809 95.66108990 95.69004497 95.72084787 95.75873996 95.80478319 95.84008958 95.87207453 95.92353842 95.97226014 96.02434714 96.08879644 96.14774717 96.18266381 96.19478690 96.23145143 96.26050581 96.28249702 96.29790412 96.30838766 96.31648817 96.32296125 96.32574934 96.33896489 96.36338306 96.38285597 96.38285597 96.38285597 96.38285597 96.38285597 96.38285597 96.38285597 96.38285597 96.38285597 96.38285597 96.54213956 96.89664874 98.38421813 99.84506574 114.0585000 129.7442826 165.4497373 285.0615124 365.2628168 479.6786728 629.7005552 750.5447405 1168.848864 1535.755304 5706.053528 37241.87215 57654.89893 269588001.8
