    unsorted:	 96.38285597 96.38285597 96.38285597 96.38285597 96.38285597 96.38285597 96.38285597 96.38285597 96.38285597 96.38285597 96.42727211 96.42489660 96.42965793 96.43189819 96.43396604 96.42247062 96.43597981 96.42009970 96.41954229 96.43801708 96.41794777 96.44012175 96.44228036 96.41632508 96.44455144 96.44705745 96.44836291 96.44979781 96.45256766 96.45497514 96.45647401 96.45807102 96.45948614 96.46080277 96.46062242 96.46175110 96.46234828 96.46261620 96.41358882 96.40985187 96.40676389 96.39753805 96.39158255 96.38790940 96.38255878 96.37639230 96.48592186 96.35961305 96.31916252 96.28719043 96.07072175 95.87887508 95.85546148 95.54330326 97.67908450 95.12392758 99.03911851 99.56795982 93.15522346 100.6990873 85.14976348 108.8044286 121.0295259 69.94713569 149.8841800 169.8228926 178.6368357 211.0971567 360.3826923 644.8329520 1033.063691 42381.52813 37144.65206 47190733.85
      sorted:	 69.94713569 85.14976348 93.15522346 95.12392758 95.54330326 95.85546148 95.87887508 96.07072175 96.28719043 96.31916252 96.35961305 96.37639230 96.38255878 96.38285597 96.38285597 96.38285597 96.38285597 96.38285597 96.38285597 96.38285597 96.38285597 96.38285597 96.38285597 96.38790940 96.39158255 96.39753805 96.40676389 96.40985187 96.41358882 96.41632508 96.41794777 96.41954229 96.42009970 96.42247062 96.42489660 96.42727211 96.42965793 96.43189819 96.43396604 96.43597981 96.43801708 96.44012175 96.44228036 96.44455144 96.44705745 96.44836291 96.44979781 96.45256766 96.45497514 96.45647401 96.45807102 96.45948614 96.46062242 96.46080277 96.46175110 96.46234828 96.46261620 96.48592186 97.67908450 99.03911851 99.56795982 100.6990873 108.8044286 121.0295259 149.8841800 169.8228926 178.6368357 211.0971567 360.3826923 644.8329520 1033.063691 37144.65206 42381.52813 47190733.85
