    unsorted:	 96.38285597 96.38285597 96.38285597 96.38285597 96.38285597 96.38285597 96.38285597 96.38285597 96.38285597 96.38285597 96.46275003 96.46708811 96.46474002 96.47246162 96.48577126 96.45344230 96.50437127 96.51980443 96.52796971 96.55024892 96.56339248 96.57631545 96.58886763 96.60075673 96.61244235 96.62443740 96.63585172 96.64650205 96.65694074 96.66756838 96.67861908 96.68996654 96.70192785 96.71504263 96.72916973 96.74292184 96.75299082 96.76015611 96.76851121 96.77552591 96.78263116 96.79082224 96.79153816 96.78748812 96.80331602 96.41657319 96.40630324 96.36141161 96.32244798 96.23921067 96.98528859 96.17400586 96.06711250 97.43690978 95.76991832 95.60347595 97.67867425 98.11246665 98.26253124 92.14056767 102.6337321 88.39309961 85.51364943 107.5756333 109.1401957 81.97715773 116.7194203 151.0795839 164.1913860 204.3729831 402.6527790 7431.891983 42372.52640 9698398.521
      sorted:	 81.97715773 85.51364943 88.39309961 92.14056767 95.60347595 95.76991832 96.06711250 96.17400586 96.23921067 96.32244798 96.36141161 96.38285597 96.38285597 96.38285597 96.38285597 96.38285597 96.38285597 96.38285597 96.38285597 96.38285597 96.38285597 96.40630324 96.41657319 96.45344230 96.46275003 96.46474002 96.46708811 96.47246162 96.48577126 96.50437127 96.51980443 96.52796971 96.55024892 96.56339248 96.57631545 96.58886763 96.60075673 96.61244235 96.62443740 96.63585172 96.64650205 96.65694074 96.66756838 96.67861908 96.68996654 96.70192785 96.71504263 96.72916973 96.74292184 96.75299082 96.76015611 96.76851121 96.77552591 96.78263116 96.78748812 96.79082224 96.79153816 96.80331602 96.98528859 97.43690978 97.67867425 98.11246665 98.26253124 102.6337321 107.5756333 109.1401957 116.7194203 151.0795839 164.1913860 204.3729831 402.6527790 7431.891983 42372.52640 9698398.521
