    unsorted:	 96.38285597 96.38285597 96.38285597 96.38285597 96.38285597 96.38285597 96.38285597 96.38285597 96.38285597 96.38285597 91.56241001 92.29071935 92.70944949 93.04555361 93.53899790 93.97840105 90.66440143 89.58557185 88.29494498 96.43075183 86.75519658 84.92850005 82.79386056 80.41955838 78.14655318 75.81709394 72.61124482 68.58075815 64.87367306 61.79673756 108.8384349 58.61469517 56.66006518 117.1327457 267.2338292 2387.690437 2343.263682 2445.984138 2258.553937 2159.807857 2119.275942 2037.740743 2530.794887 1990.548552 1945.114051 2632.077256 1828.311058 2734.043204 2767.564317 2816.533027 2854.483221 3002.850024 1622.227346 3112.974801 1278.172802 718.1605964 689.8064864 753.1138097 882.2464684 1102.640078 3465.194974 3564.054018 3625.667306 3915.393650 4065.736222 4458.542959 4418.651294 4483.779580 4496.511154 4362.267898 4857.946833 4849.405581 5595.535709 5833.360564 6052.832064 6133.815809 6231.480936 6351.953117 6518.683437 6699.183611 6879.166578 7057.291171 7158.782651 7564.924677 7758.018550 8003.991962 8116.369489 8224.751868 8320.548427 8542.556170 8907.707630 8993.496797 9685.158835 10053.25175 10071.68581 10338.33946 10988.22421 12150.33791 12188.24869 11930.16516 12357.96536 12619.78727 12860.03958 13108.05455 13922.97103 14248.92504 15546.84754 15616.61091 15805.26708 17277.90535 17545.86368 17566.97246 18905.29215 19152.89306 19495.98701 21636.81588 22823.67736 23230.32183 23797.33113 24791.99281 24978.69230 25588.14211 27107.22034 27644.21554 28062.89700 29122.52156 30015.12449 30820.08520 32349.62540 34249.90821 37497.11683 40252.20943 43128.47405 43875.26355 45581.93861 52706.39188 57389.65546 67738.59594 98393.32579 136876.5401 6721255.591 8383710419.
      sorted:	 56.66006518 58.61469517 61.79673756 64.87367306 68.58075815 72.61124482 75.81709394 78.14655318 80.41955838 82.79386056 84.92850005 86.75519658 88.29494498 89.58557185 90.66440143 91.56241001 92.29071935 92.70944949 93.04555361 93.53899790 93.97840105 96.38285597 96.38285597 96.38285597 96.38285597 96.38285597 96.38285597 96.38285597 96.38285597 96.38285597 96.38285597 96.43075183 108.8384349 117.1327457 267.2338292 689.8064864 718.1605964 753.1138097 882.2464684 1102.640078 1278.172802 1622.227346 1828.311058 1945.114051 1990.548552 2037.740743 2119.275942 2159.807857 2258.553937 2343.263682 2387.690437 2445.984138 2530.794887 2632.077256 2734.043204 2767.564317 2816.533027 2854.483221 3002.850024 3112.974801 3465.194974 3564.054018 3625.667306 3915.393650 4065.736222 4362.267898 4418.651294 4458.542959 4483.779580 4496.511154 4849.405581 4857.946833 5595.535709 5833.360564 6052.832064 6133.815809 6231.480936 6351.953117 6518.683437 6699.183611 6879.166578 7057.291171 7158.782651 7564.924677 7758.018550 8003.991962 8116.369489 8224.751868 8320.548427 8542.556170 8907.707630 8993.496797 9685.158835 10053.25175 10071.68581 10338.33946 10988.22421 11930.16516 12150.33791 12188.24869 12357.96536 12619.78727 12860.03958 13108.05455 13922.97103 14248.92504 15546.84754 15616.61091 15805.26708 17277.90535 17545.86368 17566.97246 18905.29215 19152.89306 19495.98701 21636.81588 22823.67736 23230.32183 23797.33113 24791.99281 24978.69230 25588.14211 27107.22034 27644.21554 28062.89700 29122.52156 30015.12449 30820.08520 32349.62540 34249.90821 37497.11683 40252.20943 43128.47405 43875.26355 45581.93861 52706.39188 57389.65546 67738.59594 98393.32579 136876.5401 6721255.591 8383710419.
