    unsorted:	 96.38285597 96.38285597 96.38285597 96.38285597 96.38285597 96.38285597 96.38285597 96.38285597 96.38285597 96.38285597 96.37184973 96.36989125 96.37351606 96.36759111 96.37493294 96.36489225 96.36172900 96.35802602 96.35369736 96.34864529 96.34275906 96.33591367 96.32796772 96.31875581 96.30712792 96.29353832 96.27774177 96.25949339 96.23858215 96.21470838 96.18759692 96.15718363 96.12375094 96.08773427 96.04965751 95.98234009 95.92512154 95.88754404 95.82079339 95.77568004 95.71114316 95.62385603 95.52170213 95.40977606 95.25823570 95.05254998 94.77197438 94.37311126 93.83561410 98.45823705 93.07709717 92.03353579 100.1666355 90.51458410 101.7968705 87.96127655 82.74903379 124.9230856 132.0156641 71.64191062 147.3480419 149.1819617 144.1579776 155.1252226 159.0447148 168.0602615 167.1065798 170.2260777 175.1131949 176.0663949 185.6958364 185.4038551 185.3389932 191.8071258 192.7968022 193.0386111 202.0649250 206.1913623 212.3925255 212.1977289 211.4907242 210.1395317 219.2379955 223.6810893 224.8913625 228.8477559 240.2008599 53.11944853 250.8399042 256.5940025 265.0107172 267.6703046 269.4299769 273.6869923 274.7576389 292.2418877 300.0182291 303.0520872 318.2389170 346.7315440 362.2407850 395.5312771 400.3831089 404.6039816 417.7357177 418.7803829 466.3034374 488.0900031 505.2491690 522.5394770 570.4309331 620.5788556 649.4891642 666.3515661 685.9869360 701.7271225 768.7097490 824.2299905 861.2541461 882.2163061 956.6751791 978.6429504 986.6809411 1136.532611 1312.557797 1387.749185 1568.998482 1594.131125 1803.602223 1886.432550 2067.110016 2364.042640 2555.958195 2715.813767 2766.284030 2924.615170 3305.074255 3922.241028 5017.410335 12515.90716 373960.7323 36300099.82
      sorted:	 53.11944853 71.64191062 82.74903379 87.96127655 90.51458410 92.03353579 93.07709717 93.83561410 94.37311126 94.77197438 95.05254998 95.25823570 95.40977606 95.52170213 95.62385603 95.71114316 95.77568004 95.82079339 95.88754404 95.92512154 95.98234009 96.04965751 96.08773427 96.12375094 96.15718363 96.18759692 96.21470838 96.23858215 96.25949339 96.27774177 96.29353832 96.30712792 96.31875581 96.32796772 96.33591367 96.34275906 96.34864529 96.35369736 96.35802602 96.36172900 96.36489225 96.36759111 96.36989125 96.37184973 96.37351606 96.37493294 96.38285597 96.38285597 96.38285597 96.38285597 96.38285597 96.38285597 96.38285597 96.38285597 96.38285597 96.38285597 98.45823705 100.1666355 101.7968705 124.9230856 132.0156641 144.1579776 147.3480419 149.1819617 155.1252226 159.0447148 167.1065798 168.0602615 170.2260777 175.1131949 176.0663949 185.3389932 185.4038551 185.6958364 191.8071258 192.7968022 193.0386111 202.0649250 206.1913623 210.1395317 211.4907242 212.1977289 212.3925255 219.2379955 223.6810893 224.8913625 228.8477559 240.2008599 250.8399042 256.5940025 265.0107172 267.6703046 269.4299769 273.6869923 274.7576389 292.2418877 300.0182291 303.0520872 318.2389170 346.7315440 362.2407850 395.5312771 400.3831089 404.6039816 417.7357177 418.7803829 466.3034374 488.0900031 505.2491690 522.5394770 570.4309331 620.5788556 649.4891642 666.3515661 685.9869360 701.7271225 768.7097490 824.2299905 861.2541461 882.2163061 956.6751791 978.6429504 986.6809411 1136.532611 1312.557797 1387.749185 1568.998482 1594.131125 1803.602223 1886.432550 2067.110016 2364.042640 2555.958195 2715.813767 2766.284030 2924.615170 3305.074255 3922.241028 5017.410335 12515.90716 373960.7323 36300099.82
