    unsorted:	 96.38285597 96.38285597 96.38285597 96.38285597 96.38285597 96.38285597 96.38285597 96.38285597 96.38285597 96.38285597 96.44535456 96.44553442 96.44514470 96.44562760 96.44485002 96.44433682 96.44373555 96.44353930 96.44277999 96.44180086 96.44145588 96.44066382 96.43941771 96.43846823 96.43795761 96.43653345 96.43508969 96.43415056 96.43320861 96.43172224 96.43021797 96.42898223 96.42884748 96.42767886 96.42631064 96.42484025 96.42349199 96.42227565 96.42087065 96.41985215 96.41929987 96.41768604 96.41607832 96.41452637 96.41321294 96.41240337 96.41131182 96.45230710 96.40932364 96.40451865 96.39843556 96.39727411 96.39363803 96.39101063 96.47215330 96.47585288 96.49509215 96.49909514 96.50617235 96.51210502 96.34727443 96.26566388 96.25731098 96.17043589 96.66365697 96.11079424 96.09378350 96.05008849 96.02873405 96.01962881 96.82657318 95.77556194 97.14104175 97.25991800 97.43696535 95.39345485 97.57558605 97.63515955 95.19314493 98.17893923 94.41544322 93.85745354 93.06985496 99.77598797 92.21336345 101.1511449 91.33469733 90.76423033 101.9325285 90.33705777 105.3739422 108.6858858 112.3651533 117.9048594 119.3222586 124.7988465 65.53934052 154.6680416 167.9093665 9.622859211 22426.09025 7375.725671 9700116.339
      sorted:	 9.622859211 65.53934052 90.33705777 90.76423033 91.33469733 92.21336345 93.06985496 93.85745354 94.41544322 95.19314493 95.39345485 95.77556194 96.01962881 96.02873405 96.05008849 96.09378350 96.11079424 96.17043589 96.25731098 96.26566388 96.34727443 96.38285597 96.38285597 96.38285597 96.38285597 96.38285597 96.38285597 96.38285597 96.38285597 96.38285597 96.38285597 96.39101063 96.39363803 96.39727411 96.39843556 96.40451865 96.40932364 96.41131182 96.41240337 96.41321294 96.41452637 96.41607832 96.41768604 96.41929987 96.41985215 96.42087065 96.42227565 96.42349199 96.42484025 96.42631064 96.42767886 96.42884748 96.42898223 96.43021797 96.43172224 96.43320861 96.43415056 96.43508969 96.43653345 96.43795761 96.43846823 96.43941771 96.44066382 96.44145588 96.44180086 96.44277999 96.44353930 96.44373555 96.44433682 96.44485002 96.44514470 96.44535456 96.44553442 96.44562760 96.45230710 96.47215330 96.47585288 96.49509215 96.49909514 96.50617235 96.51210502 96.66365697 96.82657318 97.14104175 97.25991800 97.43696535 97.57558605 97.63515955 98.17893923 99.77598797 101.1511449 101.9325285 105.3739422 108.6858858 112.3651533 117.9048594 119.3222586 124.7988465 154.6680416 167.9093665 7375.725671 22426.09025 9700116.339
