    unsorted:	 96.38285597 96.38285597 96.38285597 96.38285597 96.38285597 96.38285597 96.38285597 96.38285597 96.38285597 96.38285597 93.57539298 93.53739835 93.79738697 94.00126571 94.18955368 94.36463824 94.52788329 93.33159401 94.68011660 94.82147654 94.95217216 95.07282928 95.18390896 95.28594900 95.37970641 95.46555907 93.06564822 92.77554952 92.46018057 92.11843583 91.74908828 91.35106126 90.92324649 90.46527663 90.35463597 89.97485906 89.45460662 89.03191063 88.89491400 88.33249239 88.04036131 87.68855418 87.39895611 86.95696040 86.67540018 86.07920609 85.33746418 99.45162661 99.62356608 84.57543310 83.84029473 83.10928127 82.37621783 81.72690988 81.19471858 80.76952660 80.50888120 104.1500698 105.5245831 106.1960348 112.1519252 114.0937260 74.53075796 120.0771069 126.1118486 126.2858134 131.8244324 133.5262668 134.8074896 135.5723912 141.7928341 142.1844923 143.3610163 143.9272275 145.9536244 149.6527914 152.6762614 159.9863625 160.3961808 159.3856182 157.8262754 162.2889635 164.7740737 166.0110733 166.5015598 168.2699917 174.9918504 173.0636889 176.0915284 181.0400295 183.5372085 185.2796100 188.2288648 190.4546549 199.9657554 203.6171896 207.3411066 210.0833060 211.8340536 217.0594109 223.4791047 239.0517809 246.7839671 254.6482441 268.9205731 281.8397409 290.1537600 298.5033324 307.2582152 328.3707473 330.8694247 349.3928490 388.4369382 429.3581394 471.0309483 491.4503508 517.4695458 541.4993628 572.5952571 630.0498784 680.4056009 700.8629495 707.4175135 739.9981485 783.1617068 873.3068191 967.3950250 1004.497371 1161.990449 1264.742997 1297.078348 1332.987039 1421.913957 1525.954320 1685.035496 2316.814117 2801.291156 2976.133325 7802.110531 12731.06545 264563.5910 4033894.446
      sorted:	 74.53075796 80.50888120 80.76952660 81.19471858 81.72690988 82.37621783 83.10928127 83.84029473 84.57543310 85.33746418 86.07920609 86.67540018 86.95696040 87.39895611 87.68855418 88.04036131 88.33249239 88.89491400 89.03191063 89.45460662 89.97485906 90.35463597 90.46527663 90.92324649 91.35106126 91.74908828 92.11843583 92.46018057 92.77554952 93.06564822 93.33159401 93.53739835 93.57539298 93.79738697 94.00126571 94.18955368 94.36463824 94.52788329 94.68011660 94.82147654 94.95217216 95.07282928 95.18390896 95.28594900 95.37970641 95.46555907 96.38285597 96.38285597 96.38285597 96.38285597 96.38285597 96.38285597 96.38285597 96.38285597 96.38285597 96.38285597 99.45162661 99.62356608 104.1500698 105.5245831 106.1960348 112.1519252 114.0937260 120.0771069 126.1118486 126.2858134 131.8244324 133.5262668 134.8074896 135.5723912 141.7928341 142.1844923 143.3610163 143.9272275 145.9536244 149.6527914 152.6762614 157.8262754 159.3856182 159.9863625 160.3961808 162.2889635 164.7740737 166.0110733 166.5015598 168.2699917 173.0636889 174.9918504 176.0915284 181.0400295 183.5372085 185.2796100 188.2288648 190.4546549 199.9657554 203.6171896 207.3411066 210.0833060 211.8340536 217.0594109 223.4791047 239.0517809 246.7839671 254.6482441 268.9205731 281.8397409 290.1537600 298.5033324 307.2582152 328.3707473 330.8694247 349.3928490 388.4369382 429.3581394 471.0309483 491.4503508 517.4695458 541.4993628 572.5952571 630.0498784 680.4056009 700.8629495 707.4175135 739.9981485 783.1617068 873.3068191 967.3950250 1004.497371 1161.990449 1264.742997 1297.078348 1332.987039 1421.913957 1525.954320 1685.035496 2316.814117 2801.291156 2976.133325 7802.110531 12731.06545 264563.5910 4033894.446
