    unsorted:	 96.38285597 96.38285597 96.38285597 96.38285597 96.38285597 96.38285597 96.38285597 96.38285597 96.38285597 96.38285597 94.82493487 94.70757343 94.93442102 94.58185867 95.03670464 94.44747340 95.13212087 94.30383410 94.15066103 95.22119759 93.98820298 95.30466559 95.38401821 93.81866512 93.65804673 93.51652769 93.33097323 93.09453516 92.83170663 92.54834214 92.24566420 91.92398687 91.58399419 91.22813679 90.86177858 90.49316640 90.12727094 89.75447861 89.35801174 88.93103758 88.47557383 97.73145309 88.00001964 87.65751745 87.22119657 98.47350606 86.75759728 86.34240693 85.99814668 85.66956586 85.40068764 85.21256528 85.08941223 101.1149776 83.15260118 104.0349299 106.6934518 109.0165254 110.6133561 111.5377924 116.7383494 116.4172555 117.3085255 119.8478220 119.3196263 121.0478220 125.8805477 125.7863372 128.8335985 134.1046130 135.3368455 137.8371422 138.7458731 142.5840796 142.4126466 142.7842287 141.3729646 143.3885837 147.1557367 148.2013765 149.0586740 152.4710129 154.3848660 158.1964109 156.7882963 158.9604128 159.9916898 163.9209361 164.4517260 167.2741499 168.3658304 171.9655260 175.5015559 178.5636777 180.8173132 182.0814320 186.7151679 192.3198655 195.4504470 198.3466405 202.5723590 215.4855855 221.5174356 235.5396681 248.1106495 249.5830510 252.0081697 273.4824277 293.0892022 292.4456907 310.2837100 321.7121173 367.6508725 379.5235962 381.2194298 438.7165275 449.2299010 496.6722503 505.0001466 558.8667277 614.1760013 655.6821784 697.2274690 739.4850793 858.0889792 921.3015382 972.8017286 1025.878099 1068.243556 1160.143669 1193.097696 1229.724227 1355.678902 1472.322315 1627.460518 1944.123401 2472.358204 3063.014327 3840.292570 12732.42467 201229.5398 1200189.964
      sorted:	 83.15260118 85.08941223 85.21256528 85.40068764 85.66956586 85.99814668 86.34240693 86.75759728 87.22119657 87.65751745 88.00001964 88.47557383 88.93103758 89.35801174 89.75447861 90.12727094 90.49316640 90.86177858 91.22813679 91.58399419 91.92398687 92.24566420 92.54834214 92.83170663 93.09453516 93.33097323 93.51652769 93.65804673 93.81866512 93.98820298 94.15066103 94.30383410 94.44747340 94.58185867 94.70757343 94.82493487 94.93442102 95.03670464 95.13212087 95.22119759 95.30466559 95.38401821 96.38285597 96.38285597 96.38285597 96.38285597 96.38285597 96.38285597 96.38285597 96.38285597 96.38285597 96.38285597 97.73145309 98.47350606 101.1149776 104.0349299 106.6934518 109.0165254 110.6133561 111.5377924 116.4172555 116.7383494 117.3085255 119.3196263 119.8478220 121.0478220 125.7863372 125.8805477 128.8335985 134.1046130 135.3368455 137.8371422 138.7458731 141.3729646 142.4126466 142.5840796 142.7842287 143.3885837 147.1557367 148.2013765 149.0586740 152.4710129 154.3848660 156.7882963 158.1964109 158.9604128 159.9916898 163.9209361 164.4517260 167.2741499 168.3658304 171.9655260 175.5015559 178.5636777 180.8173132 182.0814320 186.7151679 192.3198655 195.4504470 198.3466405 202.5723590 215.4855855 221.5174356 235.5396681 248.1106495 249.5830510 252.0081697 273.4824277 292.4456907 293.0892022 310.2837100 321.7121173 367.6508725 379.5235962 381.2194298 438.7165275 449.2299010 496.6722503 505.0001466 558.8667277 614.1760013 655.6821784 697.2274690 739.4850793 858.0889792 921.3015382 972.8017286 1025.878099 1068.243556 1160.143669 1193.097696 1229.724227 1355.678902 1472.322315 1627.460518 1944.123401 2472.358204 3063.014327 3840.292570 12732.42467 201229.5398 1200189.964
