    unsorted:	 96.38285597 96.38285597 96.38285597 96.38285597 96.38285597 96.38285597 96.38285597 96.38285597 96.38285597 96.38285597 96.35737766 96.35287452 96.36121779 96.34760120 96.36449064 96.34143640 96.33424215 96.32585860 96.31609388 96.30470807 96.29139497 96.27576848 96.25735382 96.23555206 96.20886430 96.17610444 96.13682863 96.08993823 96.03417014 95.96817870 95.89067537 95.80071820 95.69819325 95.58400915 95.45811948 95.31617231 95.15289065 94.96918374 94.76711893 94.54019213 94.30276859 94.02506494 93.71927596 93.45493279 93.20720541 92.81233416 92.32317726 91.75656710 91.11108185 90.38699555 89.60212561 88.80837669 88.01248604 101.4609725 87.09116883 86.05098824 85.04018641 84.20407184 83.49856428 83.03386576 111.2261969 233.3462234 238.6818320 240.9510463 229.8639938 247.7850585 215.2775498 213.8176971 253.4917812 202.4385104 201.3779012 194.5385384 189.6343580 258.9893052 265.5891677 170.8007422 274.7299357 289.0256025 297.3115902 300.9447448 315.2924976 322.9521401 340.6877856 348.9154961 355.0698902 357.2747820 383.5583056 382.9584755 381.8960439 385.5334294 375.5065485 395.8533773 407.6769590 416.3348950 419.8308429 421.5474543 481.1378527 509.6395648 554.0198652 542.2184146 561.3728484 565.5347455 604.5270143 602.0887453 618.2816850 636.9021475 654.9345036 685.4299273 714.8705210 732.2904871 806.8122936 844.5857546 861.9427862 886.8207395 890.0048749 897.8157360 921.0204919 953.8186922 1049.922469 1061.084831 1172.510917 1227.370021 1308.534703 1343.930025 1359.371917 1530.543635 1672.872251 1723.313171 1916.385245 2020.040074 2282.321273 2263.476113 2384.572397 2420.252508 2418.864147 2595.817221 2931.897405 3756.119016 4453.045741 12382.47882 253552.2971 341917978.2
      sorted:	 83.03386576 83.49856428 84.20407184 85.04018641 86.05098824 87.09116883 88.01248604 88.80837669 89.60212561 90.38699555 91.11108185 91.75656710 92.32317726 92.81233416 93.20720541 93.45493279 93.71927596 94.02506494 94.30276859 94.54019213 94.76711893 94.96918374 95.15289065 95.31617231 95.45811948 95.58400915 95.69819325 95.80071820 95.89067537 95.96817870 96.03417014 96.08993823 96.13682863 96.17610444 96.20886430 96.23555206 96.25735382 96.27576848 96.29139497 96.30470807 96.31609388 96.32585860 96.33424215 96.34143640 96.34760120 96.35287452 96.35737766 96.36121779 96.36449064 96.38285597 96.38285597 96.38285597 96.38285597 96.38285597 96.38285597 96.38285597 96.38285597 96.38285597 96.38285597 101.4609725 111.2261969 170.8007422 189.6343580 194.5385384 201.3779012 202.4385104 213.8176971 215.2775498 229.8639938 233.3462234 238.6818320 240.9510463 247.7850585 253.4917812 258.9893052 265.5891677 274.7299357 289.0256025 297.3115902 300.9447448 315.2924976 322.9521401 340.6877856 348.9154961 355.0698902 357.2747820 375.5065485 381.8960439 382.9584755 383.5583056 385.5334294 395.8533773 407.6769590 416.3348950 419.8308429 421.5474543 481.1378527 509.6395648 542.2184146 554.0198652 561.3728484 565.5347455 602.0887453 604.5270143 618.2816850 636.9021475 654.9345036 685.4299273 714.8705210 732.2904871 806.8122936 844.5857546 861.9427862 886.8207395 890.0048749 897.8157360 921.0204919 953.8186922 1049.922469 1061.084831 1172.510917 1227.370021 1308.534703 1343.930025 1359.371917 1530.543635 1672.872251 1723.313171 1916.385245 2020.040074 2263.476113 2282.321273 2384.572397 2418.864147 2420.252508 2595.817221 2931.897405 3756.119016 4453.045741 12382.47882 253552.2971 341917978.2
