    unsorted:	 96.38285597 96.38285597 96.38285597 96.38285597 96.38285597 96.38285597 96.38285597 96.38285597 96.38285597 96.38285597 95.70233104 95.72560289 95.67694376 95.75398110 95.64594366 95.61277196 95.78429805 95.57885728 95.54476147 95.81452090 95.51082278 95.47730612 95.44462110 95.84405304 95.87267220 95.41756447 95.40391909 95.90027686 95.92681770 95.95227277 95.97663499 95.99987330 96.02206120 96.04324030 96.06336059 96.08245514 96.10057240 96.11778080 96.13419174 95.32013216 95.31249294 95.28926790 95.25829754 95.22711360 95.19645814 95.16675287 95.13849842 95.11296713 95.09187496 95.07414277 95.05535974 95.03586066 95.01658898 94.99730708 94.97711974 94.95549071 94.93530223 94.92153618 96.15006718 94.89865419 96.17093512 94.87306092 94.86187497 94.84905892 94.84108813 96.25210726 96.78434592 97.12900189 97.44614437 97.95622613 98.13444525 98.21197758 98.34204589 93.14460237 92.30495088 99.51196613 99.81354395 91.87726922 101.4118731 89.21862321 103.6120094 105.5296182 85.71094565 83.88339393 83.51316137 81.88985753 81.53860065 109.7713260 79.55318404 78.59392560 115.4573630 119.7430794 120.2555212 121.3234242 122.9379254 126.8470634 67.59761643 132.5630556 64.38277890 135.4961202 137.0568042 141.7464559 143.2562939 143.4605879 151.3485017 155.0712252 163.6445981 176.6327182 195.5444045 219.5803938 254.4347790 321.5640283 406.2234767 470.3329488 570.2143052 755.3410035 982.0701422 1285.836855 1508.600968 16630.44748 92160.38983 1866831.772
      sorted:	 64.38277890 67.59761643 78.59392560 79.55318404 81.53860065 81.88985753 83.51316137 83.88339393 85.71094565 89.21862321 91.87726922 92.30495088 93.14460237 94.84108813 94.84905892 94.86187497 94.87306092 94.89865419 94.92153618 94.93530223 94.95549071 94.97711974 94.99730708 95.01658898 95.03586066 95.05535974 95.07414277 95.09187496 95.11296713 95.13849842 95.16675287 95.19645814 95.22711360 95.25829754 95.28926790 95.31249294 95.32013216 95.40391909 95.41756447 95.44462110 95.47730612 95.51082278 95.54476147 95.57885728 95.61277196 95.64594366 95.67694376 95.70233104 95.72560289 95.75398110 95.78429805 95.81452090 95.84405304 95.87267220 95.90027686 95.92681770 95.95227277 95.97663499 95.99987330 96.02206120 96.04324030 96.06336059 96.08245514 96.10057240 96.11778080 96.13419174 96.15006718 96.17093512 96.25210726 96.38285597 96.38285597 96.38285597 96.38285597 96.38285597 96.38285597 96.38285597 96.38285597 96.38285597 96.38285597 96.78434592 97.12900189 97.44614437 97.95622613 98.13444525 98.21197758 98.34204589 99.51196613 99.81354395 101.4118731 103.6120094 105.5296182 109.7713260 115.4573630 119.7430794 120.2555212 121.3234242 122.9379254 126.8470634 132.5630556 135.4961202 137.0568042 141.7464559 143.2562939 143.4605879 151.3485017 155.0712252 163.6445981 176.6327182 195.5444045 219.5803938 254.4347790 321.5640283 406.2234767 470.3329488 570.2143052 755.3410035 982.0701422 1285.836855 1508.600968 16630.44748 92160.38983 1866831.772
