    unsorted:	 96.38285597 96.38285597 96.38285597 96.38285597 96.38285597 96.38285597 96.38285597 96.38285597 96.38285597 96.38285597 94.57451466 94.58912187 94.47366506 94.42975960 94.37444666 94.68978512 94.75011643 94.79729027 94.25634304 94.89226320 94.15370171 94.03225322 93.79901543 93.92525882 93.68453337 94.97378928 93.55056115 95.05957013 95.11756574 95.16791107 93.42713398 93.28831411 93.15704517 93.01549392 92.87661921 92.73375703 92.59383190 92.44126265 92.34735999 92.23994366 95.39974851 92.09424416 91.96438190 91.83613766 91.71579391 91.60683400 91.50386735 91.41055613 91.32112578 91.23701349 91.15666797 91.08408054 91.02780698 90.99285589 90.98738140 95.68875922 96.08212503 96.23049590 97.10466168 98.99735333 88.80692741 100.5126887 85.88672967 105.8154783 127.9758484 154.4467996 200.0548877 172.0783179 196.7805203 203.2711928 216.4599026 224.6446834 241.9729847 254.3474262 262.7571826 322.4827900 381.2729399 435.1107174 482.9936233 563.1854922 634.9022981 967.8247143 1060.900436 1103.922436 1156.945532 1320.126067 1440.097071 1719.482273 2485.823119 26109.25110 93437.62556 4127209.608
      sorted:	 85.88672967 88.80692741 90.98738140 90.99285589 91.02780698 91.08408054 91.15666797 91.23701349 91.32112578 91.41055613 91.50386735 91.60683400 91.71579391 91.83613766 91.96438190 92.09424416 92.23994366 92.34735999 92.44126265 92.59383190 92.73375703 92.87661921 93.01549392 93.15704517 93.28831411 93.42713398 93.55056115 93.68453337 93.79901543 93.92525882 94.03225322 94.15370171 94.25634304 94.37444666 94.42975960 94.47366506 94.57451466 94.58912187 94.68978512 94.75011643 94.79729027 94.89226320 94.97378928 95.05957013 95.11756574 95.16791107 95.39974851 95.68875922 96.08212503 96.23049590 96.38285597 96.38285597 96.38285597 96.38285597 96.38285597 96.38285597 96.38285597 96.38285597 96.38285597 96.38285597 97.10466168 98.99735333 100.5126887 105.8154783 127.9758484 154.4467996 172.0783179 196.7805203 200.0548877 203.2711928 216.4599026 224.6446834 241.9729847 254.3474262 262.7571826 322.4827900 381.2729399 435.1107174 482.9936233 563.1854922 634.9022981 967.8247143 1060.900436 1103.922436 1156.945532 1320.126067 1440.097071 1719.482273 2485.823119 26109.25110 93437.62556 4127209.608
