    unsorted:	 96.38285597 96.38285597 96.38285597 96.38285597 96.38285597 96.38285597 96.38285597 96.38285597 96.38285597 96.38285597 95.48518027 95.50458301 95.51714339 95.54019857 95.54791558 95.45816176 95.43018249 95.41027551 95.39088085 95.36400973 95.30098459 95.33322159 95.26906501 95.25882202 95.22923054 95.20532766 95.58472497 95.17313466 95.14451248 95.11550856 95.62098403 95.08591687 95.05816161 95.02874929 95.04076173 95.00136238 94.97304792 94.94554726 94.91854286 94.89192756 95.65742660 94.86652799 94.84147875 94.81783522 94.79504610 94.79182056 94.77337056 94.75304734 94.73386708 94.71622727 94.69967122 94.68468630 94.67095878 94.65906004 94.64935936 94.64256155 94.63852045 94.63685833 94.63318165 95.69496509 95.73269584 95.76969889 95.80545891 95.83971967 95.87236265 95.90334522 95.93266970 95.96036600 95.98648085 96.01107102 96.03419822 96.05518623 96.07593070 96.09532022 96.11348641 96.13061850 96.14692236 96.16258072 96.17774191 96.19259378 96.21056078 94.51594337 96.30758632 96.94217282 97.49230544 98.34478572 99.95078844 101.5419871 103.3058937 88.52631525 105.0469559 106.4659387 107.7659879 129.9614731 131.8212890 134.3371390 69.90071069 161.4140215 167.1061261 171.4962707 179.9305525 181.3553794 204.2705454 227.1872934 240.7695725 257.9064000 297.5724765 309.5507108 399.1101541 486.8320020 552.1203096 623.9613415 657.0114014 1280.175070 1393.907561 1636.893081 1938.350704 2395.106285 3386.390202 16150.34650 112124.8960 3592765.676
      sorted:	 69.90071069 88.52631525 94.51594337 94.63318165 94.63685833 94.63852045 94.64256155 94.64935936 94.65906004 94.67095878 94.68468630 94.69967122 94.71622727 94.73386708 94.75304734 94.77337056 94.79182056 94.79504610 94.81783522 94.84147875 94.86652799 94.89192756 94.91854286 94.94554726 94.97304792 95.00136238 95.02874929 95.04076173 95.05816161 95.08591687 95.11550856 95.14451248 95.17313466 95.20532766 95.22923054 95.25882202 95.26906501 95.30098459 95.33322159 95.36400973 95.39088085 95.41027551 95.43018249 95.45816176 95.48518027 95.50458301 95.51714339 95.54019857 95.54791558 95.58472497 95.62098403 95.65742660 95.69496509 95.73269584 95.76969889 95.80545891 95.83971967 95.87236265 95.90334522 95.93266970 95.96036600 95.98648085 96.01107102 96.03419822 96.05518623 96.07593070 96.09532022 96.11348641 96.13061850 96.14692236 96.16258072 96.17774191 96.19259378 96.21056078 96.30758632 96.38285597 96.38285597 96.38285597 96.38285597 96.38285597 96.38285597 96.38285597 96.38285597 96.38285597 96.38285597 96.94217282 97.49230544 98.34478572 99.95078844 101.5419871 103.3058937 105.0469559 106.4659387 107.7659879 129.9614731 131.8212890 134.3371390 161.4140215 167.1061261 171.4962707 179.9305525 181.3553794 204.2705454 227.1872934 240.7695725 257.9064000 297.5724765 309.5507108 399.1101541 486.8320020 552.1203096 623.9613415 657.0114014 1280.175070 1393.907561 1636.893081 1938.350704 2395.106285 3386.390202 16150.34650 112124.8960 3592765.676
