    unsorted:	 96.38285597 96.38285597 96.38285597 96.38285597 96.38285597 96.38285597 96.38285597 96.38285597 96.38285597 96.38285597 183.3656445 183.2221143 183.9546976 182.3364054 181.9347435 181.2800342 184.6321761 185.0540582 185.3223194 180.1152093 178.4652537 177.3015433 175.6365550 176.6447290 176.0786657 175.4129148 187.3619588 172.1412928 166.9130707 195.1684270 197.4217535 161.7900757 159.7345315 203.2247118 152.0896538 151.4169941 150.9037185 148.6876581 145.8015870 142.0594553 140.4872099 212.7477992 214.4521683 133.4670247 231.7809380 235.5879246 241.1881331 242.1423146 119.8841517 113.4332912 100.9004466 262.9854092 270.7779283 279.0686058 291.4471528 296.4295429 301.5527458 312.1250409 309.6775079 313.9225121 74.90996228 341.9536257 357.4138430 375.0895772 377.9654441 383.3542301 41.19653492 445.4093641 467.1567075 494.2103594 517.9234453 529.7269476 537.8883693 550.6775420 586.9166296 598.7613874 611.4008879 650.1175348 651.9566612 688.6992337 721.6299246 815.2674693 832.8443518 971.6152822 950.7496111 1062.540877 1133.606613 1336.629756 1376.035661 1418.963598 1454.186605 1465.386123 1529.336122 1683.075343 1827.994052 1863.798230 1897.663191 2132.772897 2358.491466 2609.675418 2736.883500 3081.173843 3115.562365 3353.125117 3494.906531 3980.237666 4348.218025 5077.380235 5531.331474 5790.480834 6379.506958 6661.115251 7001.806345 8317.024123 8410.260647 8804.062560 9094.327364 10768.98340 10682.56957 11662.25177 12502.76952 13111.25867 13963.50794 15027.93297 17167.70483 17413.04712 18568.67464 19910.25597 21834.25838 22344.25977 22940.11453 23085.56590 24250.89476 25560.10795 29369.85900 31431.02788 46249.17985 57811.13623 68200.40677 172391.5526 8039123.622 504517977.1
      sorted:	 41.19653492 74.90996228 96.38285597 96.38285597 96.38285597 96.38285597 96.38285597 96.38285597 96.38285597 96.38285597 96.38285597 96.38285597 100.9004466 113.4332912 119.8841517 133.4670247 140.4872099 142.0594553 145.8015870 148.6876581 150.9037185 151.4169941 152.0896538 159.7345315 161.7900757 166.9130707 172.1412928 175.4129148 175.6365550 176.0786657 176.6447290 177.3015433 178.4652537 180.1152093 181.2800342 181.9347435 182.3364054 183.2221143 183.3656445 183.9546976 184.6321761 185.0540582 185.3223194 187.3619588 195.1684270 197.4217535 203.2247118 212.7477992 214.4521683 231.7809380 235.5879246 241.1881331 242.1423146 262.9854092 270.7779283 279.0686058 291.4471528 296.4295429 301.5527458 309.6775079 312.1250409 313.9225121 341.9536257 357.4138430 375.0895772 377.9654441 383.3542301 445.4093641 467.1567075 494.2103594 517.9234453 529.7269476 537.8883693 550.6775420 586.9166296 598.7613874 611.4008879 650.1175348 651.9566612 688.6992337 721.6299246 815.2674693 832.8443518 950.7496111 971.6152822 1062.540877 1133.606613 1336.629756 1376.035661 1418.963598 1454.186605 1465.386123 1529.336122 1683.075343 1827.994052 1863.798230 1897.663191 2132.772897 2358.491466 2609.675418 2736.883500 3081.173843 3115.562365 3353.125117 3494.906531 3980.237666 4348.218025 5077.380235 5531.331474 5790.480834 6379.506958 6661.115251 7001.806345 8317.024123 8410.260647 8804.062560 9094.327364 10682.56957 10768.98340 11662.25177 12502.76952 13111.25867 13963.50794 15027.93297 17167.70483 17413.04712 18568.67464 19910.25597 21834.25838 22344.25977 22940.11453 23085.56590 24250.89476 25560.10795 29369.85900 31431.02788 46249.17985 57811.13623 68200.40677 172391.5526 8039123.622 504517977.1
