    unsorted:	 89.86787598 90.34121243 89.35996711 90.78178196 91.19145029 88.81540495 91.57213979 91.92581498 88.23196953 92.25383820 92.55834506 87.60528979 92.84108492 93.10389362 86.84406510 86.02005590 85.15135887 84.24524390 83.30683802 82.82049802 82.27967323 81.31292445 80.55942904 79.69447610 78.62759236 77.82065643 76.89854210 76.45412053 75.69771387 75.07698730 73.99769260 73.14028145 72.37509991 71.25946923 70.87895851 69.92811801 69.32047844 69.22534768 68.51785927 67.97618273 67.61114375 67.37240465 66.82219378 66.50636917 104.4445546 58.34251995 117.2813019 131.9537444 129.9882512 144.4138843 148.2321503 164.4508303 167.7090925 178.6705250 177.7097627 181.1914150 183.3751080 186.7605809 189.4460279 196.8492174 202.4806361 203.8161802 205.9754926 206.9760312 208.0154073 212.7244444 216.7574088 221.0982804 223.0542057 225.4744201 229.2428308 38.24524681 236.1539127 250.3436619 262.2782321 280.9883735 282.6548617 287.5505491 299.3759802 303.3849719 307.3994194 320.6909234 323.1081854 371.1136044 388.9004295 416.6578103 435.3692043 458.7477053 476.0943544 511.4464283 541.1369253 592.8707012 675.2995732 697.1210696 705.1204621 772.4081349 803.3768818 864.6802046 897.1646777 962.6750745 987.1636108 1014.405279 1099.528694 1148.317404 1295.369077 1385.787953 1511.619176 1642.898782 1758.862772 2154.810429 2315.667275 2323.973394 2329.128090 2788.853329 3039.663720 3646.995548 4202.673721 4870.677981 5384.572268 6575.713656 7394.131477 8027.095398 8161.838086 8727.259919 10031.41714 11684.02025 12583.47380 13591.23421 185832.9599 96.38285597
      sorted:	 38.24524681 58.34251995 66.50636917 66.82219378 67.37240465 67.61114375 67.97618273 68.51785927 69.22534768 69.32047844 69.92811801 70.87895851 71.25946923 72.37509991 73.14028145 73.99769260 75.07698730 75.69771387 76.45412053 76.89854210 77.82065643 78.62759236 79.69447610 80.55942904 81.31292445 82.27967323 82.82049802 83.30683802 84.24524390 85.15135887 86.02005590 86.84406510 87.60528979 88.23196953 88.81540495 89.35996711 89.86787598 90.34121243 90.78178196 91.19145029 91.57213979 91.92581498 92.25383820 92.55834506 92.84108492 93.10389362 96.38285597 104.4445546 117.2813019 129.9882512 131.9537444 144.4138843 148.2321503 164.4508303 167.7090925 177.7097627 178.6705250 181.1914150 183.3751080 186.7605809 189.4460279 196.8492174 202.4806361 203.8161802 205.9754926 206.9760312 208.0154073 212.7244444 216.7574088 221.0982804 223.0542057 225.4744201 229.2428308 236.1539127 250.3436619 262.2782321 280.9883735 282.6548617 287.5505491 299.3759802 303.3849719 307.3994194 320.6909234 323.1081854 371.1136044 388.9004295 416.6578103 435.3692043 458.7477053 476.0943544 511.4464283 541.1369253 592.8707012 675.2995732 697.1210696 705.1204621 772.4081349 803.3768818 864.6802046 897.1646777 962.6750745 987.1636108 1014.405279 1099.528694 1148.317404 1295.369077 1385.787953 1511.619176 1642.898782 1758.862772 2154.810429 2315.667275 2323.973394 2329.128090 2788.853329 3039.663720 3646.995548 4202.673721 4870.677981 5384.572268 6575.713656 7394.131477 8027.095398 8161.838086 8727.259919 10031.41714 11684.02025 12583.47380 13591.23421 185832.9599
