    unsorted:	 252.2654956 252.2091287 252.3150635 252.0652158 251.9670704 251.7471013 251.4591731 251.2979838 250.8275193 250.4049180 250.1338116 249.3951754 248.5412583 248.2116209 247.4023784 243.9926203 235.2756872 274.7776058 218.0710291 295.4695525 302.9049613 199.7859702 193.1917673 193.9769907 330.7563364 168.3160476 347.1364657 350.3118475 96.38285597 124.0517180 126.6650592 118.5235877 109.1692514 396.6310353 408.1607639 423.8708493 436.6519551 461.6383805 45.41947718 29.50052844 26.10806687 22.03049528 16.97029430 14.32597901 548.5883522 555.3014803 650.1965837 696.5984408 746.4681559 847.8961037 924.4209375 974.7932898 1130.524060 1190.057555 1221.401751 1260.573669 1292.376505 1309.302148 1415.758454 1422.774716 1594.371359 1671.915710 1695.409307 1838.529750 1942.639159 2159.718551 2170.460903 2271.189012 2303.093397 2319.277329 2584.232840 2690.900187 3053.067099 3232.669222 3305.812558 3769.782860 3992.643274 4211.719731 4284.314299 4573.748427 4759.454232 4965.380493 5413.408476 5571.294852 5667.613057 6484.247603 6675.614314 6829.451836 6886.473771 7386.632928 7580.151922 7995.122155 8388.810612 9346.135936 9689.249057 10312.29114 10763.41920 10961.75890 11869.65512 12290.46030 12706.83399 14247.17453 14369.75240 15060.20998 15712.15157 15979.34724 17252.59866 17939.00564 19401.50204 19214.29933 20286.75851 21027.78119 22233.11010 22282.08075 21832.21977 23555.76394 23999.07471 24527.65343 25223.31643 26553.05687 27703.03472 28172.33653 30763.72552 31207.92786 32820.86806 34104.26256 36962.93668 42208.13026 48903.56578 55136.45585 171205.8269 7067911.406 2674085808.
      sorted:	 14.32597901 16.97029430 22.03049528 26.10806687 29.50052844 45.41947718 96.38285597 109.1692514 118.5235877 124.0517180 126.6650592 168.3160476 193.1917673 193.9769907 199.7859702 218.0710291 235.2756872 243.9926203 247.4023784 248.2116209 248.5412583 249.3951754 250.1338116 250.4049180 250.8275193 251.2979838 251.4591731 251.7471013 251.9670704 252.0652158 252.2091287 252.2654956 252.3150635 274.7776058 295.4695525 302.9049613 330.7563364 347.1364657 350.3118475 396.6310353 408.1607639 423.8708493 436.6519551 461.6383805 548.5883522 555.3014803 650.1965837 696.5984408 746.4681559 847.8961037 924.4209375 974.7932898 1130.524060 1190.057555 1221.401751 1260.573669 1292.376505 1309.302148 1415.758454 1422.774716 1594.371359 1671.915710 1695.409307 1838.529750 1942.639159 2159.718551 2170.460903 2271.189012 2303.093397 2319.277329 2584.232840 2690.900187 3053.067099 3232.669222 3305.812558 3769.782860 3992.643274 4211.719731 4284.314299 4573.748427 4759.454232 4965.380493 5413.408476 5571.294852 5667.613057 6484.247603 6675.614314 6829.451836 6886.473771 7386.632928 7580.151922 7995.122155 8388.810612 9346.135936 9689.249057 10312.29114 10763.41920 10961.75890 11869.65512 12290.46030 12706.83399 14247.17453 14369.75240 15060.20998 15712.15157 15979.34724 17252.59866 17939.00564 19214.29933 19401.50204 20286.75851 21027.78119 21832.21977 22233.11010 22282.08075 23555.76394 23999.07471 24527.65343 25223.31643 26553.05687 27703.03472 28172.33653 30763.72552 31207.92786 32820.86806 34104.26256 36962.93668 42208.13026 48903.56578 55136.45585 171205.8269 7067911.406 2674085808.
