    unsorted:	 96.38285597 96.38285597 96.38285597 96.38285597 96.38285597 96.38285597 96.38285597 96.38285597 96.38285597 96.38285597 96.26100936 96.26178220 96.25998825 96.25786187 96.25590147 96.25476601 96.26479837 96.26727630 96.27059965 96.27140086 96.25198481 96.27443053 96.27744977 96.24894053 96.27846198 96.28062507 96.28398240 96.28370173 96.24638392 96.28743595 96.24362569 96.24064187 96.28995582 96.23847346 96.23600459 96.23334279 96.23191570 96.22982332 96.22754302 96.22740355 96.22560454 96.22455167 96.22377235 96.22341028 96.22295973 96.22247385 96.22206370 96.22183939 96.29289741 96.29439538 96.29652228 96.29855923 96.30159747 96.30101527 96.30320970 96.30511631 96.30899888 96.31368029 96.32849559 96.33485908 96.36224463 96.37339495 96.14597463 96.43137021 96.09971367 96.50069737 96.51774814 96.57038997 96.60250127 96.61951756 95.91105673 96.68869325 95.75926874 95.72631383 96.85646099 95.61752691 95.59656666 95.44418675 95.37973926 95.32883526 97.79827875 98.24282941 98.99341877 93.57727888 99.74001273 93.02739744 100.0700952 90.99148190 102.0921928 111.9326982 112.6293075 113.2147251 120.1437127 126.4969335 75.70291622 129.3246620 134.2358445 156.5628223 203.8593310 0.4161191802 261.9255637 22024.82757 15175.96084 7075408.316
      sorted:	 0.4161191802 75.70291622 90.99148190 93.02739744 93.57727888 95.32883526 95.37973926 95.44418675 95.59656666 95.61752691 95.72631383 95.75926874 95.91105673 96.09971367 96.14597463 96.22183939 96.22206370 96.22247385 96.22295973 96.22341028 96.22377235 96.22455167 96.22560454 96.22740355 96.22754302 96.22982332 96.23191570 96.23334279 96.23600459 96.23847346 96.24064187 96.24362569 96.24638392 96.24894053 96.25198481 96.25476601 96.25590147 96.25786187 96.25998825 96.26100936 96.26178220 96.26479837 96.26727630 96.27059965 96.27140086 96.27443053 96.27744977 96.27846198 96.28062507 96.28370173 96.28398240 96.28743595 96.28995582 96.29289741 96.29439538 96.29652228 96.29855923 96.30101527 96.30159747 96.30320970 96.30511631 96.30899888 96.31368029 96.32849559 96.33485908 96.36224463 96.37339495 96.38285597 96.38285597 96.38285597 96.38285597 96.38285597 96.38285597 96.38285597 96.38285597 96.38285597 96.38285597 96.43137021 96.50069737 96.51774814 96.57038997 96.60250127 96.61951756 96.68869325 96.85646099 97.79827875 98.24282941 98.99341877 99.74001273 100.0700952 102.0921928 111.9326982 112.6293075 113.2147251 120.1437127 126.4969335 129.3246620 134.2358445 156.5628223 203.8593310 261.9255637 15175.96084 22024.82757 7075408.316
