    unsorted:	 96.38285597 96.38285597 96.38285597 96.38285597 96.38285597 96.38285597 96.38285597 96.38285597 96.38285597 96.38285597 96.66717413 96.67378600 96.68870697 96.64668988 96.62508623 96.60207612 96.58113468 96.71020635 96.56204765 96.54377688 96.53360139 96.51556784 96.73936744 96.78419213 96.46452924 96.84685584 96.92700435 96.35496370 97.02582622 97.17733025 97.32832119 97.31715029 97.47405950 97.61744803 97.75083978 97.84852464 97.91853920 98.00359953 98.07614672 98.15826468 98.23350186 98.31358204 98.39035831 98.46773987 98.54516451 98.62066446 98.69761223 98.77300196 98.84916872 98.92265107 98.99233255 99.05570205 99.03248747 99.10827737 99.14766630 99.18218738 99.17567017 95.91142146 94.71014650 100.1516640 94.26683321 102.0414905 104.4421291 105.1323563 79.76107678 167.5365127 241.3550963 396.3145423 455.6699903 631.5672666 823.1422928 887.5826608 1243.665091 2044.036478 2312.540956 2817.641353 3321.254236 5496.894187 6216.728642 32315.59532 140666.9282 169716359.8
      sorted:	 79.76107678 94.26683321 94.71014650 95.91142146 96.35496370 96.38285597 96.38285597 96.38285597 96.38285597 96.38285597 96.38285597 96.38285597 96.38285597 96.38285597 96.38285597 96.46452924 96.51556784 96.53360139 96.54377688 96.56204765 96.58113468 96.60207612 96.62508623 96.64668988 96.66717413 96.67378600 96.68870697 96.71020635 96.73936744 96.78419213 96.84685584 96.92700435 97.02582622 97.17733025 97.31715029 97.32832119 97.47405950 97.61744803 97.75083978 97.84852464 97.91853920 98.00359953 98.07614672 98.15826468 98.23350186 98.31358204 98.39035831 98.46773987 98.54516451 98.62066446 98.69761223 98.77300196 98.84916872 98.92265107 98.99233255 99.03248747 99.05570205 99.10827737 99.14766630 99.17567017 99.18218738 100.1516640 102.0414905 104.4421291 105.1323563 167.5365127 241.3550963 396.3145423 455.6699903 631.5672666 823.1422928 887.5826608 1243.665091 2044.036478 2312.540956 2817.641353 3321.254236 5496.894187 6216.728642 32315.59532 140666.9282 169716359.8
