    unsorted:	 161.5219930 161.3586371 162.1486309 162.4024827 162.8565933 163.4566084 163.8806924 164.1939813 164.3715368 160.4025444 160.2651411 165.0221930 159.2708823 158.3867079 156.2534551 155.4834614 167.7786619 153.2308117 150.9713223 150.4300237 149.9518914 148.1636148 144.8512812 144.6848592 146.0595552 143.8248271 142.2500080 141.3073011 140.5778301 139.6378844 170.4840237 138.4896035 171.3836889 137.1056360 173.4103687 135.2926948 133.5052759 176.1143608 132.0584776 130.9755081 178.7761690 129.4547496 127.7852202 181.3726020 126.1360488 183.8993276 186.3525537 124.5429709 188.7029926 190.5130788 122.0802316 196.4850639 201.1931543 203.4601225 205.9811837 110.6337625 96.38285597 102.7629164 217.4876143 91.96538826 229.7286302 232.3878735 240.5457137 241.5659442 77.22737525 73.44852084 252.3187852 268.5050305 59.62012052 278.7078835 299.6985716 341.2804100 353.3859865 376.6974273 383.9530111 387.4699727 398.6539345 423.6086200 436.4673061 444.4595800 485.8776052 508.4441985 518.6030919 558.9118657 609.5063650 707.3276630 780.4334432 790.2710784 835.4402040 947.5615951 993.3348457 1031.166460 1058.708401 1315.794433 1476.096356 1437.036329 1556.170882 1809.160706 1820.422383 1870.879233 2008.823325 2093.677578 2164.434864 2236.821981 2265.168539 2650.010283 2815.572888 3039.886738 3103.439103 3120.243393 3352.799883 -1928.872675 3477.383680 3701.659507 3944.563847 4443.025557 4534.734881 4871.700536 5245.547808 5819.622453 6660.542009 6842.396839 6992.824449 7425.179165 8158.655058 8511.213395 9023.766700 9503.275859 11606.15804 12504.94566 17514.92743 1653491.592 1.806275002e+11
      sorted:	 -1928.872675 59.62012052 73.44852084 77.22737525 91.96538826 96.38285597 102.7629164 110.6337625 122.0802316 124.5429709 126.1360488 127.7852202 129.4547496 130.9755081 132.0584776 133.5052759 135.2926948 137.1056360 138.4896035 139.6378844 140.5778301 141.3073011 142.2500080 143.8248271 144.6848592 144.8512812 146.0595552 148.1636148 149.9518914 150.4300237 150.9713223 153.2308117 155.4834614 156.2534551 158.3867079 159.2708823 160.2651411 160.4025444 161.3586371 161.5219930 162.1486309 162.4024827 162.8565933 163.4566084 163.8806924 164.1939813 164.3715368 165.0221930 167.7786619 170.4840237 171.3836889 173.4103687 176.1143608 178.7761690 181.3726020 183.8993276 186.3525537 188.7029926 190.5130788 196.4850639 201.1931543 203.4601225 205.9811837 217.4876143 229.7286302 232.3878735 240.5457137 241.5659442 252.3187852 268.5050305 278.7078835 299.6985716 341.2804100 353.3859865 376.6974273 383.9530111 387.4699727 398.6539345 423.6086200 436.4673061 444.4595800 485.8776052 508.4441985 518.6030919 558.9118657 609.5063650 707.3276630 780.4334432 790.2710784 835.4402040 947.5615951 993.3348457 1031.166460 1058.708401 1315.794433 1437.036329 1476.096356 1556.170882 1809.160706 1820.422383 1870.879233 2008.823325 2093.677578 2164.434864 2236.821981 2265.168539 2650.010283 2815.572888 3039.886738 3103.439103 3120.243393 3352.799883 3477.383680 3701.659507 3944.563847 4443.025557 4534.734881 4871.700536 5245.547808 5819.622453 6660.542009 6842.396839 6992.824449 7425.179165 8158.655058 8511.213395 9023.766700 9503.275859 11606.15804 12504.94566 17514.92743 1653491.592 1.806275002e+11
