    unsorted:	 96.38285597 96.38285597 96.38285597 96.38285597 96.38285597 96.38285597 96.38285597 96.38285597 96.38285597 96.38285597 96.36972899 96.36975028 96.36969775 96.36965485 96.36961016 96.36979055 96.36956144 96.36951098 96.36946037 96.36941258 96.36936582 96.36932328 96.36928632 96.36925001 96.36921679 96.36918663 96.36916665 96.36987140 96.36906028 96.36906357 96.37000803 96.37017058 96.37050618 96.37057955 96.37087226 96.37115575 96.37122358 96.37158098 96.37194937 96.37232620 96.37230624 96.37269859 96.37307304 96.37321829 96.37344972 96.37381730 96.37418006 96.37454088 96.37561299 96.37490408 96.37527187 96.37564564 96.37601582 96.37638477 96.37674744 96.37710116 96.37744400 96.37777463 96.37809224 96.37839627 96.37868632 96.37896202 96.37922327 96.37947084 96.37970962 96.37978114 96.38098605 96.35839459 96.38812256 96.39980634 96.41688110 96.44066282 96.29266396 96.47209477 96.27385323 96.51115450 96.55618548 96.59803597 96.61040656 96.65312900 96.70227879 96.69158310 96.71881258 96.72606207 95.41633920 94.70017988 93.24538448 102.4585709 88.84333840 104.5264394 81.62442231 73.24530440 126.0282004 130.8977820 144.6431010 187.0864960 207.5768904 255.1390703 289.5220144 336.4837069 477.4500479 733.1806587 1439.657714 3434.173001 20182.72455 37524.74376 124000.7417
      sorted:	 73.24530440 81.62442231 88.84333840 93.24538448 94.70017988 95.41633920 96.27385323 96.29266396 96.35839459 96.36906028 96.36906357 96.36916665 96.36918663 96.36921679 96.36925001 96.36928632 96.36932328 96.36936582 96.36941258 96.36946037 96.36951098 96.36956144 96.36961016 96.36965485 96.36969775 96.36972899 96.36975028 96.36979055 96.36987140 96.37000803 96.37017058 96.37050618 96.37057955 96.37087226 96.37115575 96.37122358 96.37158098 96.37194937 96.37230624 96.37232620 96.37269859 96.37307304 96.37321829 96.37344972 96.37381730 96.37418006 96.37454088 96.37490408 96.37527187 96.37561299 96.37564564 96.37601582 96.37638477 96.37674744 96.37710116 96.37744400 96.37777463 96.37809224 96.37839627 96.37868632 96.37896202 96.37922327 96.37947084 96.37970962 96.37978114 96.38098605 96.38285597 96.38285597 96.38285597 96.38285597 96.38285597 96.38285597 96.38285597 96.38285597 96.38285597 96.38285597 96.38812256 96.39980634 96.41688110 96.44066282 96.47209477 96.51115450 96.55618548 96.59803597 96.61040656 96.65312900 96.69158310 96.70227879 96.71881258 96.72606207 102.4585709 104.5264394 126.0282004 130.8977820 144.6431010 187.0864960 207.5768904 255.1390703 289.5220144 336.4837069 477.4500479 733.1806587 1439.657714 3434.173001 20182.72455 37524.74376 124000.7417
