    unsorted:	 96.38285597 96.38285597 96.38285597 96.38285597 96.38285597 96.38285597 96.38285597 96.38285597 96.38285597 96.38285597 96.35490817 96.35504624 96.35476857 96.35523946 96.35459853 96.35549506 96.35440531 96.35581087 96.35618279 96.35626248 96.35410264 96.35661375 96.35376073 96.35710781 96.35339538 96.35766668 96.35828462 96.35277671 96.35895239 96.35233401 96.35965979 96.35188133 96.36039625 96.36113996 96.36186751 96.36237269 96.36276461 96.36346985 96.35112264 96.35090363 96.35065283 96.36421423 96.36496219 96.36570923 96.36645387 96.36719472 96.36793001 96.36865765 96.36937565 96.37008269 96.37077911 96.37141909 96.37190504 96.38355931 96.33523307 96.39585477 96.39912982 96.31733789 96.41248966 96.42202981 96.42627774 96.43157721 96.28654702 96.25707700 96.47192896 96.20400316 96.57136190 96.58319391 96.11937030 96.06545778 96.03050163 95.98130441 95.96372902 97.01083003 95.68365744 95.64781589 97.55131701 95.03547717 98.13162094 98.23086094 98.73491288 99.22407070 99.09323817 99.40393301 99.83749291 93.64370875 100.6782654 102.5526736 90.59310519 89.43408401 88.52674287 105.4683434 87.22411884 106.6458192 85.17744159 111.6470220 113.4247375 125.1068267 137.6205377 213.9936995 4847.110515 22429.24378 81873.21768
      sorted:	 85.17744159 87.22411884 88.52674287 89.43408401 90.59310519 93.64370875 95.03547717 95.64781589 95.68365744 95.96372902 95.98130441 96.03050163 96.06545778 96.11937030 96.20400316 96.25707700 96.28654702 96.31733789 96.33523307 96.35065283 96.35090363 96.35112264 96.35188133 96.35233401 96.35277671 96.35339538 96.35376073 96.35410264 96.35440531 96.35459853 96.35476857 96.35490817 96.35504624 96.35523946 96.35549506 96.35581087 96.35618279 96.35626248 96.35661375 96.35710781 96.35766668 96.35828462 96.35895239 96.35965979 96.36039625 96.36113996 96.36186751 96.36237269 96.36276461 96.36346985 96.36421423 96.36496219 96.36570923 96.36645387 96.36719472 96.36793001 96.36865765 96.36937565 96.37008269 96.37077911 96.37141909 96.37190504 96.38285597 96.38285597 96.38285597 96.38285597 96.38285597 96.38285597 96.38285597 96.38285597 96.38285597 96.38285597 96.38355931 96.39585477 96.39912982 96.41248966 96.42202981 96.42627774 96.43157721 96.47192896 96.57136190 96.58319391 97.01083003 97.55131701 98.13162094 98.23086094 98.73491288 99.09323817 99.22407070 99.40393301 99.83749291 100.6782654 102.5526736 105.4683434 106.6458192 111.6470220 113.4247375 125.1068267 137.6205377 213.9936995 4847.110515 22429.24378 81873.21768
