    unsorted:	 96.38285597 96.38285597 96.38285597 96.38285597 96.38285597 96.38285597 96.38285597 96.38285597 96.38285597 96.38285597 96.55739039 96.56274856 96.55104194 96.54460866 96.53960463 96.56984493 96.53297455 96.52777219 96.52243346 96.57552500 96.51643485 96.51212206 96.50644833 96.50181312 96.49738405 96.49219172 96.58176399 96.58865496 96.48815515 96.59404466 96.47950251 96.60105605 96.60706514 96.61305004 96.62001781 96.62534486 96.63223570 96.63806953 96.46962171 96.64397092 96.65056115 96.45967335 96.45515906 96.45163745 96.44969521 96.44343525 96.44271572 96.43924228 96.43365040 96.43063004 96.42811974 96.65555467 96.66219533 96.66686914 96.67284743 96.67756186 96.68256454 96.68720617 96.69126859 96.69549260 96.69874680 96.70195105 96.70481375 96.70630651 96.71002103 96.71409283 96.71675900 96.71785403 96.41907999 96.40672837 96.37678366 96.34197101 96.75662193 96.29003623 96.23588480 96.14075678 96.09447022 96.03678410 95.79195072 95.66318603 97.51071822 97.79703228 98.43811908 98.73031357 99.28145059 100.1652252 91.16994330 104.8092425 87.04533156 84.80805369 112.8852237 77.28193237 120.6901390 70.42091836 134.9372283 140.2661842 143.7457963 147.8135580 158.5065734 1.129717146 332.2375092 21217.67254 8056.516361 70057787.14
      sorted:	 1.129717146 70.42091836 77.28193237 84.80805369 87.04533156 91.16994330 95.66318603 95.79195072 96.03678410 96.09447022 96.14075678 96.23588480 96.29003623 96.34197101 96.37678366 96.38285597 96.38285597 96.38285597 96.38285597 96.38285597 96.38285597 96.38285597 96.38285597 96.38285597 96.38285597 96.40672837 96.41907999 96.42811974 96.43063004 96.43365040 96.43924228 96.44271572 96.44343525 96.44969521 96.45163745 96.45515906 96.45967335 96.46962171 96.47950251 96.48815515 96.49219172 96.49738405 96.50181312 96.50644833 96.51212206 96.51643485 96.52243346 96.52777219 96.53297455 96.53960463 96.54460866 96.55104194 96.55739039 96.56274856 96.56984493 96.57552500 96.58176399 96.58865496 96.59404466 96.60105605 96.60706514 96.61305004 96.62001781 96.62534486 96.63223570 96.63806953 96.64397092 96.65056115 96.65555467 96.66219533 96.66686914 96.67284743 96.67756186 96.68256454 96.68720617 96.69126859 96.69549260 96.69874680 96.70195105 96.70481375 96.70630651 96.71002103 96.71409283 96.71675900 96.71785403 96.75662193 97.51071822 97.79703228 98.43811908 98.73031357 99.28145059 100.1652252 104.8092425 112.8852237 120.6901390 134.9372283 140.2661842 143.7457963 147.8135580 158.5065734 332.2375092 8056.516361 21217.67254 70057787.14
