    unsorted:	 96.38285597 96.38285597 96.38285597 96.38285597 96.38285597 96.38285597 96.38285597 96.38285597 96.38285597 96.38285597 93.69072479 93.21161029 94.04820697 94.26135052 92.63042924 91.93515775 91.10644266 90.12133697 88.95622237 87.59669505 97.23559411 86.08225228 84.62558205 83.12319584 81.02318587 100.7617597 78.42319007 75.55054582 72.59762699 70.10054611 67.18151413 64.84242101 63.40548481 113.1912344 121.2715221 2387.237450 2355.022914 2424.229557 2483.519833 2586.234906 2641.913646 2160.669548 2115.847749 2037.016606 2048.740496 1983.395290 2760.964216 2794.150550 2848.730509 2922.869142 1828.356288 3122.326834 1635.622737 1458.397220 1278.082762 1157.904521 884.6277466 750.8861254 702.8433457 673.5261236 271.8205348 3467.374090 3562.967512 3626.417430 3924.695754 4049.875906 4459.606087 4450.081566 4420.429548 4379.971890 4353.609368 4621.884299 4806.488812 4848.184673 5577.835858 5836.980155 6067.516078 6164.112625 6281.382553 6454.179184 6685.488626 6796.053477 6896.245690 7047.294014 7097.460398 7636.926695 7751.684652 8040.722434 8106.366395 8233.414416 8390.692609 8584.953121 8952.540288 10004.21530 9940.456333 10140.60570 10455.36992 11429.81091 11695.54837 11948.95074 12119.20334 12358.10046 12461.53049 12936.55328 13485.34430 14087.03506 14157.97124 15457.30056 15502.79518 16099.90979 16296.94146 16822.43845 17088.30872 17251.29902 17716.41337 19676.83779 20692.41007 21922.49455 21856.88994 23001.72093 24252.55725 25800.24200 25309.05498 26109.50641 26798.22055 26740.17660 27103.60406 28582.79581 29697.25223 31135.62810 35256.21220 35777.94616 36085.79210 38853.22193 39456.45100 41145.64539 42110.77002 49848.25929 72907.08962 92275.27078 6094300.124 3077773820.
      sorted:	 63.40548481 64.84242101 67.18151413 70.10054611 72.59762699 75.55054582 78.42319007 81.02318587 83.12319584 84.62558205 86.08225228 87.59669505 88.95622237 90.12133697 91.10644266 91.93515775 92.63042924 93.21161029 93.69072479 94.04820697 94.26135052 96.38285597 96.38285597 96.38285597 96.38285597 96.38285597 96.38285597 96.38285597 96.38285597 96.38285597 96.38285597 97.23559411 100.7617597 113.1912344 121.2715221 271.8205348 673.5261236 702.8433457 750.8861254 884.6277466 1157.904521 1278.082762 1458.397220 1635.622737 1828.356288 1983.395290 2037.016606 2048.740496 2115.847749 2160.669548 2355.022914 2387.237450 2424.229557 2483.519833 2586.234906 2641.913646 2760.964216 2794.150550 2848.730509 2922.869142 3122.326834 3467.374090 3562.967512 3626.417430 3924.695754 4049.875906 4353.609368 4379.971890 4420.429548 4450.081566 4459.606087 4621.884299 4806.488812 4848.184673 5577.835858 5836.980155 6067.516078 6164.112625 6281.382553 6454.179184 6685.488626 6796.053477 6896.245690 7047.294014 7097.460398 7636.926695 7751.684652 8040.722434 8106.366395 8233.414416 8390.692609 8584.953121 8952.540288 9940.456333 10004.21530 10140.60570 10455.36992 11429.81091 11695.54837 11948.95074 12119.20334 12358.10046 12461.53049 12936.55328 13485.34430 14087.03506 14157.97124 15457.30056 15502.79518 16099.90979 16296.94146 16822.43845 17088.30872 17251.29902 17716.41337 19676.83779 20692.41007 21856.88994 21922.49455 23001.72093 24252.55725 25309.05498 25800.24200 26109.50641 26740.17660 26798.22055 27103.60406 28582.79581 29697.25223 31135.62810 35256.21220 35777.94616 36085.79210 38853.22193 39456.45100 41145.64539 42110.77002 49848.25929 72907.08962 92275.27078 6094300.124 3077773820.
