    unsorted:	 96.38285597 96.38285597 96.38285597 96.38285597 96.38285597 96.38285597 96.38285597 96.38285597 96.38285597 96.38285597 94.95456188 95.02962244 95.04985696 95.11879521 95.19237775 95.27217613 94.86122915 94.78411956 95.34759216 95.41640926 95.49077733 95.54424773 95.60747994 95.62364424 95.69668337 94.68838140 94.60805590 95.78973517 95.87371603 95.92484989 95.94260236 95.99366825 96.02860819 96.05242989 96.07838602 94.51143165 94.42561953 96.15434944 94.32925931 94.23964657 94.14531578 94.05290470 93.96261729 93.86567516 93.77354829 96.36460956 93.67968610 93.58851956 93.49866795 93.41088045 93.32632789 93.24743411 93.17397486 93.10895235 93.05135089 92.99835838 92.94875393 92.93208874 96.51520922 92.38215079 98.28791406 98.63134542 87.36543036 82.00884826 114.9986918 175.8683153 236.4194624 423.9693143 466.1879731 603.0828626 802.0725475 799.9709696 837.3198284 912.0616657 1019.732349 1217.598123 1695.412329 2164.179398 2313.610636 2740.355270 2996.179382 3169.462423 3677.049351 5099.299961 5343.769897 5446.810913 5658.168092 6066.604590 6881.257578 25554.28796 259194.4066 165481399.4
      sorted:	 82.00884826 87.36543036 92.38215079 92.93208874 92.94875393 92.99835838 93.05135089 93.10895235 93.17397486 93.24743411 93.32632789 93.41088045 93.49866795 93.58851956 93.67968610 93.77354829 93.86567516 93.96261729 94.05290470 94.14531578 94.23964657 94.32925931 94.42561953 94.51143165 94.60805590 94.68838140 94.78411956 94.86122915 94.95456188 95.02962244 95.04985696 95.11879521 95.19237775 95.27217613 95.34759216 95.41640926 95.49077733 95.54424773 95.60747994 95.62364424 95.69668337 95.78973517 95.87371603 95.92484989 95.94260236 95.99366825 96.02860819 96.05242989 96.07838602 96.15434944 96.36460956 96.38285597 96.38285597 96.38285597 96.38285597 96.38285597 96.38285597 96.38285597 96.38285597 96.38285597 96.38285597 96.51520922 98.28791406 98.63134542 114.9986918 175.8683153 236.4194624 423.9693143 466.1879731 603.0828626 799.9709696 802.0725475 837.3198284 912.0616657 1019.732349 1217.598123 1695.412329 2164.179398 2313.610636 2740.355270 2996.179382 3169.462423 3677.049351 5099.299961 5343.769897 5446.810913 5658.168092 6066.604590 6881.257578 25554.28796 259194.4066 165481399.4
