    unsorted:	 96.38285597 96.38285597 96.38285597 96.38285597 96.38285597 96.38285597 96.38285597 96.38285597 96.38285597 96.38285597 138.7426460 136.3666575 149.6276460 170.6897734 191.8811371 200.7104832 110.2536760 237.9961551 269.1794930 292.0719075 324.4475426 469.0689269 486.5597844 506.1154751 566.9665245 575.3441787 627.3564493 885.2498302 845.0968214 1037.175941 1130.389090 1219.470589 1807.423905 1813.359028 1834.503809 1881.497152 1935.744442 2195.126488 2165.101925 2240.515275 2503.189364 2481.207330 2682.843952 2882.422446 2998.414637 3079.378354 3194.030762 3399.948586 3538.402757 4068.649794 4030.151687 3936.757143 4163.717735 4194.576235 4268.682459 4302.434597 3731.531927 4422.004923 4577.222007 4856.893090 4871.554351 4984.364855 5397.816515 5488.542011 5518.540057 5675.963138 5889.190690 5924.055957 6093.499460 6334.967004 6421.986321 6702.028324 6890.103081 6942.962229 7084.947321 7297.076175 7468.373002 7870.871760 8100.038522 8187.018224 8709.128607 8642.103766 8756.806012 9077.433935 9603.512473 9542.724640 9422.347994 9721.541051 9775.760744 10981.06446 11112.18569 11231.34464 12029.80935 12250.11197 12471.31714 13018.79141 13250.77624 13703.51951 14401.12053 14847.30020 15069.58992 15924.18551 15867.24066 16247.38438 17377.43543 18661.40702 18883.41127 19425.14024 19595.21805 20838.05997 21750.83579 22400.76996 23264.38317 24653.66962 26008.91122 26598.90754 28666.16910 28809.69587 30447.83532 30871.84642 32260.58188 31941.55811 34458.10503 36069.29412 36736.75200 37095.35802 37639.72998 40870.58476 42928.21746 43979.60339 45520.52841 47025.75809 51620.13505 53582.53078 60981.14562 62953.42328 68920.22151 72256.27262 121962.1642 142191.4493 6663009.286 13326208.45 1496758558.
      sorted:	 96.38285597 96.38285597 96.38285597 96.38285597 96.38285597 96.38285597 96.38285597 96.38285597 96.38285597 96.38285597 110.2536760 136.3666575 138.7426460 149.6276460 170.6897734 191.8811371 200.7104832 237.9961551 269.1794930 292.0719075 324.4475426 469.0689269 486.5597844 506.1154751 566.9665245 575.3441787 627.3564493 845.0968214 885.2498302 1037.175941 1130.389090 1219.470589 1807.423905 1813.359028 1834.503809 1881.497152 1935.744442 2165.101925 2195.126488 2240.515275 2481.207330 2503.189364 2682.843952 2882.422446 2998.414637 3079.378354 3194.030762 3399.948586 3538.402757 3731.531927 3936.757143 4030.151687 4068.649794 4163.717735 4194.576235 4268.682459 4302.434597 4422.004923 4577.222007 4856.893090 4871.554351 4984.364855 5397.816515 5488.542011 5518.540057 5675.963138 5889.190690 5924.055957 6093.499460 6334.967004 6421.986321 6702.028324 6890.103081 6942.962229 7084.947321 7297.076175 7468.373002 7870.871760 8100.038522 8187.018224 8642.103766 8709.128607 8756.806012 9077.433935 9422.347994 9542.724640 9603.512473 9721.541051 9775.760744 10981.06446 11112.18569 11231.34464 12029.80935 12250.11197 12471.31714 13018.79141 13250.77624 13703.51951 14401.12053 14847.30020 15069.58992 15867.24066 15924.18551 16247.38438 17377.43543 18661.40702 18883.41127 19425.14024 19595.21805 20838.05997 21750.83579 22400.76996 23264.38317 24653.66962 26008.91122 26598.90754 28666.16910 28809.69587 30447.83532 30871.84642 31941.55811 32260.58188 34458.10503 36069.29412 36736.75200 37095.35802 37639.72998 40870.58476 42928.21746 43979.60339 45520.52841 47025.75809 51620.13505 53582.53078 60981.14562 62953.42328 68920.22151 72256.27262 121962.1642 142191.4493 6663009.286 13326208.45 1496758558.
